# t [yrs], x [au], y [au], vx [au/yrs], vy [au/yrs]
0.000000000000000000e+00,0.000000000000000000e+00,9.832899999999999974e-01,-6.389069387012315637e+00,0.000000000000000000e+00
1.000000000000000021e-02,-6.384647675047759596e-02,9.812491608901938722e-01,-6.375809198350944840e+00,-4.080194659456324313e-01
2.000000000000000042e-02,-1.274279608072774184e-01,9.751355389470087731e-01,-6.336091934029415285e+00,-8.142608681045975239e-01
2.999999999999999889e-02,-1.904807239446982270e-01,9.649757679029024038e-01,-6.270107030468662579e+00,-1.216956063652150366e+00
4.000000000000000083e-02,-2.527435578001778205e-01,9.508140723022950880e-01,-6.178168727516842651e+00,-1.614356657128711792e+00
5.000000000000000278e-02,-3.139590115711623497e-01,9.327120216431341593e-01,-6.060713857677344940e+00,-2.004743638417697760e+00
5.999999999999999778e-02,-3.738746033571627714e-01,9.107481894566038516e-01,-5.918298791638564538e+00,-2.386436742504806308e+00
7.000000000000000666e-02,-4.322439968990936521e-01,8.850177205376182910e-01,-5.751595579628832056e+00,-2.757803445853004298e+00
8.000000000000000167e-02,-4.888281359129352799e-01,8.556318103603707259e-01,-5.561387337900291605e+00,-3.117267520452647656e+00
8.999999999999999667e-02,-5.433963287523320140e-01,8.227171014662665316e-01,-5.348562938360196917e+00,-3.463317074066782908e+00
1.000000000000000056e-01,-5.957272767534308455e-01,7.864150022846413401e-01,-5.114111066852386145e+00,-3.794512013692102670e+00
1.100000000000000006e-01,-6.456100403020981204e-01,7.468809344304390141e-01,-4.859113721718888002e+00,-4.109490878578611728e+00
1.199999999999999956e-01,-6.928449374046026232e-01,7.042835150104228559e-01,-4.584739228955919010e+00,-4.406976999063861200e+00
1.300000000000000044e-01,-7.372443703232248735e-01,6.588036808558033197e-01,-4.292234853475970446e+00,-4.685783947742502953e+00
1.400000000000000133e-01,-7.786335766431435879e-01,6.106337618820548707e-01,-3.982919087695535598e+00,-4.944820259872406254e+00
1.499999999999999944e-01,-8.168513019516019380e-01,5.599765109561576359e-01,-3.658173698922616790e+00,-5.183093410187149530e+00
1.600000000000000033e-01,-8.517503921205772377e-01,5.070440977297215879e-01,-3.319435615891652258e+00,-5.399713043229446008e+00
1.700000000000000122e-01,-8.831983039766464483e-01,4.520570738776561459e-01,-2.968188732389038798e+00,-5.593893463750237771e+00
1.799999999999999933e-01,-9.110775339043023502e-01,3.952433170722190470e-01,-2.605955702359144865e+00,-5.764955402468538104e+00
1.900000000000000022e-01,-9.352859646508744351e-01,3.368369608289308870e-01,-2.234289796327589617e+00,-5.912327080421047043e+00
2.000000000000000111e-01,-9.557371312732548807e-01,2.770773170926889573e-01,-1.854766883588583548e+00,-6.035544602141989401e+00
2.099999999999999922e-01,-9.723604077812987301e-01,2.162077980990868564e-01,-1.468977598547102748e+00,-6.134251713927429073e+00
2.200000000000000011e-01,-9.851011165842699091e-01,1.544748436576671435e-01,-1.078519743057607450e+00,-6.208198968409951668e+00
2.300000000000000100e-01,-9.939205633309612375e-01,9.212685957112581869e-02,-6.849909697288316668e-01,-6.257242340583314189e+00
2.399999999999999911e-01,-9.987960001487151684e-01,2.941317243789752511e-02,-2.899817841311774225e-01,-6.281341343283330936e+00
2.500000000000000000e-01,-9.997205206306726266e-01,-3.341699440460556281e-02,1.049311031997238741e-01,-6.280556691985113460e+00
2.600000000000000089e-01,-9.967028901947722064e-01,-9.611551954267752440e-02,4.981910509862318981e-01,-6.255047569672139041e+00
2.700000000000000178e-01,-9.897673156441918474e-01,-1.584363530097993855e-01,8.882673703518614294e-01,-6.205068542539992293e+00
2.800000000000000266e-01,-9.789531579000537720e-01,-2.201364534300653542e-01,1.273660805899544668e+00,-6.130966176500035836e+00
2.899999999999999800e-01,-9.643145919572243541e-01,-2.809766900333554585e-01,1.652908609630468373e+00,-6.033175402937459353e+00
2.999999999999999889e-01,-9.459202181375788721e-01,-3.407227072684375635e-01,2.024589208002598895e+00,-5.912215680051143174e+00
3.099999999999999978e-01,-9.238526286873945947e-01,-3.991457501906244820e-01,2.387326467277666175e+00,-5.768686993458572942e+00
3.200000000000000067e-01,-8.982079336921856560e-01,-4.560234492224375380e-01,2.739793566580390749e+00,-5.603265736685999698e+00
3.300000000000000155e-01,-8.690952501691366905e-01,-5.111405632752280548e-01,3.080716491778535016e+00,-5.416700508777257284e+00
3.400000000000000244e-01,-8.366361580502527096e-01,-5.642896805740978960e-01,3.408877166384829405e+00,-5.209807862634305842e+00
3.500000000000000333e-01,-8.009641265943066024e-01,-6.152718768458332876e-01,3.723116238191292116e+00,-4.983468033932195063e+00
3.599999999999999867e-01,-7.622239145683727957e-01,-6.638973308088012004e-01,4.022335542291906485e+00,-4.738620676606802640e+00
3.699999999999999956e-01,-7.205709473257009279e-01,-7.099858971444698019e-01,4.305500262557655944e+00,-4.476260627063176400e+00
3.800000000000000044e-01,-6.761706736811223806e-01,-7.533676373326375630e-01,4.571640814530998576e+00,-4.197433715454924830e+00
3.900000000000000133e-01,-6.291979052529634853e-01,-7.938833088973884511e-01,4.819854473141607976e+00,-3.903232638691664480e+00
4.000000000000000222e-01,-5.798361407060529382e-01,-8.313848137394883597e-01,5.049306768650786204e+00,-3.594792906284693501e+00
4.100000000000000311e-01,-5.282768770979447970e-01,-8.657356063250489786e-01,5.259232673848923234e+00,-3.273288866775684092e+00
4.199999999999999845e-01,-4.747189103036160707e-01,-8.968110625617683462e-01,5.448937604799264811e+00,-2.939929819337090855e+00
4.299999999999999933e-01,-4.193676262759238882e-01,-9.244988102251192608e-01,5.617798256381960620e+00,-2.595956212207596980e+00
4.400000000000000022e-01,-3.624342846929010098e-01,-9.486990217998824138e-01,5.765263292583205690e+00,-2.242635926947178504e+00
4.500000000000000111e-01,-3.041352963510559060e-01,-9.693246705799483109e-01,5.890853909931516696e+00,-1.881260645075426563e+00
4.600000000000000200e-01,-2.446914954883814830e-01,-9.863017508239417808e-01,5.994164290740796375e+00,-1.513142291500991110e+00
4.700000000000000289e-01,-1.843274080636060630e-01,-9.995694626986478815e-01,6.074861960909093916e+00,-1.139609547263600753e+00
4.799999999999999822e-01,-1.232705168808774510e-01,-1.009080362659128038e+00,6.132688064971770991e+00,-7.620044224950432987e-01
4.899999999999999911e-01,-6.175052433281678216e-02,-1.014800479816537981e+00,6.167457568944277213e+00,-3.816788791620608912e-01
5.000000000000000000e-01,1.386559274313414747e-06,-1.016709398734698455e+00,6.179059399237091021e+00,8.507918385414203755e-06
5.100000000000000089e-01,6.175329220054322915e-02,-1.014800308977139354e+00,6.167456523605466145e+00,3.816958641037819788e-01
5.200000000000000178e-01,1.232732690133663545e-01,-1.009080021600316845e+00,6.132685977729940952e+00,7.620213148372603218e-01
5.300000000000000266e-01,1.843301340280967260e-01,-9.995689526586833962e-01,6.074858838629293878e+00,1.139626285558783758e+00
5.400000000000000355e-01,2.446941849380963319e-01,-9.863010736559312264e-01,5.994160143704235999e+00,1.513158814729782975e+00
5.500000000000000444e-01,3.041379390593663690e-01,-9.693238287467087488e-01,5.890848751815842554e+00,1.881276892817829838e+00
5.600000000000000533e-01,3.624368705872647034e-01,-9.486980183670908895e-01,5.765257140436042427e+00,2.242651839553642112e+00
5.700000000000000622e-01,4.193701454715256793e-01,-9.244976488527518743e-01,5.617791130587603377e+00,2.595971730969942382e+00
5.799999999999999600e-01,4.747213531366441530e-01,-8.968097474938303559e-01,5.448929529038356812e+00,2.939944886659204393e+00
5.899999999999999689e-01,5.282792341584314766e-01,-8.657341423775970490e-01,5.259223675050941793e+00,3.273303426343868061e+00
5.999999999999999778e-01,5.798384028702071591e-01,-8.313832062869499495e-01,5.049296876939128431e+00,3.594806903237544482e+00
6.099999999999999867e-01,6.292000637149208764e-01,-7.938815638571816713e-01,4.819843721771047029e+00,3.903246019789313515e+00
6.199999999999999956e-01,6.761727199840351643e-01,-7.533657611480992777e-01,4.571629239817271539e+00,4.197446429247432498e+00
6.300000000000000044e-01,7.205728733920879758e-01,-7.099838967661001865e-01,4.305487903798918659e+00,4.476272624057838101e+00
6.400000000000000133e-01,7.622257127296473422e-01,-6.638952136738363041e-01,4.022322441681800420e+00,4.738631909434072753e+00
6.500000000000000222e-01,8.009657896193963511e-01,-6.152696508561601441e-01,3.723102440723341733e+00,4.983478457509891157e+00
6.600000000000000311e-01,8.366376791732241802e-01,-5.642873540725305004e-01,3.408862719747912440e+00,5.209817434329702124e+00
6.700000000000000400e-01,8.690966231157326582e-01,-5.111381450201658572e-01,3.080701446243164998e+00,5.416709188566625421e+00
6.800000000000000488e-01,8.982091527051827562e-01,-4.560209483609340420e-01,2.739777974875566180e+00,5.603273487311099643e+00
6.900000000000000577e-01,9.238536885506842822e-01,-3.991431762298975894e-01,2.387310384458066981e+00,5.768693780579543962e+00
7.000000000000000666e-01,9.459211141988742577e-01,-3.407200700458600240e-01,2.024572691305936978e+00,5.912221472395180477e+00
7.099999999999999645e-01,9.643153201492919990e-01,-2.809739996849693888e-01,1.652891718324836168e+00,6.033180172442618172e+00
7.199999999999999734e-01,9.789537147603692979e-01,-2.201337203576725077e-01,1.273643601120651558e+00,6.130969898453445310e+00
7.299999999999999822e-01,9.897676983329164457e-01,-1.584335878466857084e-01,8.882499149300997487e-01,6.205071195709707332e+00
7.399999999999999911e-01,9.967030965109469065e-01,-9.611273311803902875e-02,4.981734092635757283e-01,6.255049136431815704e+00
7.500000000000000000e-01,9.997205490265270722e-01,-3.341419770675080336e-02,1.049133408365339193e-01,6.280557158430649878e+00
7.600000000000000089e-01,9.987958497419896498e-01,2.941596829948403546e-02,-2.899996003592938965e-01,6.281340699340571376e+00
7.700000000000000178e-01,9.939202339151406163e-01,9.212964340476549607e-02,-6.850087721438692379e-01,6.257240580105890793e+00
7.800000000000000266e-01,9.851006086366328462e-01,1.544776042294114249e-01,-1.078537463301394439e+00,6.208196089266309947e+00
7.900000000000000355e-01,9.723597224686878482e-01,2.162105241734700867e-01,-1.468995167812488845e+00,6.134247718076074385e+00
8.000000000000000444e-01,9.557362704554785982e-01,2.770799974741873783e-01,-1.854784232859053361e+00,6.035539495693981848e+00
8.100000000000000533e-01,9.352849308816570950e-01,3.368395844039943077e-01,-2.234306856624665549e+00,5.912320873688790002e+00
8.200000000000000622e-01,9.110763304297063714e-01,3.952458728517325159e-01,-2.605972404996826253e+00,5.764948109999913584e+00
8.300000000000000711e-01,8.831969347308977758e-01,4.520595510396792638e-01,-2.968205009234414327e+00,5.593885104347190662e+00
8.399999999999999689e-01,8.517488617192353617e-01,5.070464856623436711e-01,-3.319451399630707122e+00,5.399703639950153011e+00
8.499999999999999778e-01,8.168496156820256315e-01,5.599787993002989239e-01,-3.658188923330143449e+00,5.183082990330982298e+00
8.599999999999999867e-01,7.786317404522153929e-01,6.106359405740352519e-01,-3.982933687907950215e+00,4.944808854946972865e+00
8.699999999999999956e-01,7.372423908023106875e-01,6.588057401694935589e-01,-4.292248766265730708e+00,4.685771593412138891e+00
8.800000000000000044e-01,6.928428217717353954e-01,7.042854455987875850e-01,-4.584752393006148452e+00,4.406963735079054700e+00
8.900000000000000133e-01,6.456077963813903198e-01,7.468827273662750343e-01,-4.859126077896721796e+00,4.109476748685966463e+00
9.000000000000000222e-01,5.957249129517359076e-01,7.864166491003123927e-01,-5.114122558479479608e+00,3.794497065524576218e+00
9.100000000000000311e-01,5.433938540331908484e-01,8.227185941922324774e-01,-5.348573511478786457e+00,3.463301359014079761e+00
9.200000000000000400e-01,4.888255597678609066e-01,8.556331415623090741e-01,-5.561396941533141458e+00,3.117251093511805848e+00
9.300000000000000488e-01,4.322413293162649661e-01,8.850188833519382348e-01,-5.751604166031382803e+00,2.757786365459377720e+00
9.400000000000000577e-01,3.738718547876145326e-01,9.107491776241538606e-01,-5.918306316541594114e+00,2.386419070343810844e+00
9.500000000000000666e-01,3.139561928925771461e-01,9.327128295409101710e-01,-6.060720280518452796e+00,2.004725439217863947e+00
9.599999999999999645e-01,2.527406802784021855e-01,9.508146949729632258e-01,-6.178174011659111287e+00,1.614337998436761623e+00
9.699999999999999734e-01,1.904777991931220493e-01,9.649762010819572522e-01,-6.270111143404903942e+00,1.216937015590981996e+00
9.799999999999999822e-01,1.274250007442316590e-01,9.751357790873987907e-01,-6.336094847570479693e+00,8.142415031152328009e-01
9.899999999999999911e-01,6.384349355482023258e-02,9.812492051842580665e-01,-6.375810888796668685e+00,4.079998585143373435e-01
1.000000000000000000e+00,-2.993934925282770720e-06,9.832898463985721982e-01,-6.389069835303795131e+00,-1.977362806449001198e-05
