# t [yrs], x [au], y [au], vx [au/yrs], vy [au/yrs]
0.000000000000000000e+00,0.000000000000000000e+00,9.832899999999999974e-01,-6.389069387012315637e+00,0.000000000000000000e+00
1.000000000000000021e-02,-6.389069387012315249e-02,9.812484195599361358e-01,-6.375887489801833397e+00,-4.070299635764533797e-01
2.000000000000000042e-02,-1.275169287816570740e-01,9.751410035739742632e-01,-6.336296258835793616e+00,-8.122808253024422775e-01
2.999999999999999889e-02,-1.906152548791591461e-01,9.649944805425195726e-01,-6.270487937232936737e+00,-1.213976673774912918e+00
4.000000000000000083e-02,-2.529247874187808831e-01,9.508532606067843229e-01,-6.178782045798221212e+00,-1.610362145469858230e+00
5.000000000000000278e-02,-3.141884699319205110e-01,9.327791787676075197e-01,-6.061622998915028759e+00,-1.999712526997625250e+00
5.999999999999999778e-02,-3.741543088385324012e-01,9.108511384007806910e-01,-5.919576801486719830e+00,-2.380343544606011275e+00
7.000000000000000666e-02,-4.325765705226371494e-01,8.851646586992040211e-01,-5.753326873246541240e+00,-2.750620744091524905e+00
8.000000000000000167e-02,-4.892169324069892689e-01,8.558313306065497006e-01,-5.563669058337842976e+00,-3.108968371871929204e+00
8.999999999999999667e-02,-5.438455801978940851e-01,8.229781866573219196e-01,-5.351505888298288660e+00,-3.453877677081909070e+00
1.000000000000000056e-01,-5.962422442001414913e-01,7.867469908903245157e-01,-5.117840175253991930e+00,-3.783914564920635382e+00
1.100000000000000006e-01,-6.461971684094275359e-01,7.472934556453789678e-01,-4.863768019086361249e+00,-4.097726542818962869e+00
1.199999999999999956e-01,-6.935120069576636848e-01,7.047863925784532135e-01,-4.590471317475407709e+00,-4.394048913001513235e+00
1.300000000000000044e-01,-7.380006433967135626e-01,6.594068056330312233e-01,-4.299209871004639361e+00,-4.671710177385446805e+00
1.400000000000000133e-01,-7.794899292396708645e-01,6.113469339835428951e-01,-3.991313176945764152e+00,-4.929636633178699157e+00
1.499999999999999944e-01,-8.178203391175141723e-01,5.608092531209436515e-01,-3.668172004989432189e+00,-5.166856149726423375e+00
1.600000000000000033e-01,-8.528465408354397592e-01,5.080054422848316875e-01,-3.331229846160457253e+00,-5.382501128839598969e+00
1.700000000000000122e-01,-8.844378795112736169e-01,4.531553263670982101e-01,-2.981974322601209426e+00,-5.575810661789919465e+00
1.799999999999999933e-01,-9.124787758336816434e-01,3.964858002274512239e-01,-2.621928641005528249e+00,-5.746131906172206705e+00
1.900000000000000022e-01,-9.368690392779310816e-01,3.382297430814714123e-01,-2.252643166440998268e+00,-5.892920714762134082e+00
2.000000000000000111e-01,-9.575240978513478440e-01,2.786249302587345267e-01,-1.875687186327765765e+00,-6.015741556217197861e+00
2.099999999999999922e-01,-9.743751466012391393e-01,2.179129491945095698e-01,-1.492640926671402468e+00,-6.114266773908610730e+00
2.200000000000000011e-01,-9.873692176990198632e-01,1.563381260266831219e-01,-1.105087874498322353e+00,-6.188275234297345939e+00
2.300000000000000100e-01,-9.964691754119242573e-01,9.414646863308226421e-02,-7.146074520292240440e-01,-6.237650420082140101e+00
2.399999999999999911e-01,-1.001653639686407082e+00,3.158463137627237627e-02,-3.227680796491885773e-01,-6.262378025887328725e+00
2.500000000000000000e-01,-1.002916842395459307e+00,-3.110109376432466932e-02,6.887934362606257244e-02,-6.262543115588697695e+00
2.600000000000000089e-01,-1.000268420547626436e+00,-9.366575558780521060e-02,4.588075215700895271e-01,-6.238326900583904155e+00
2.700000000000000178e-01,-9.937331509220341808e-01,-1.558666881008266836e-01,8.455183911033254951e-01,-6.190003197506157129e+00
2.800000000000000266e-01,-9.833506306859349788e-01,-2.174644180649653591e-01,1.227548295785946264e+00,-6.117934622173735626e+00
2.899999999999999800e-01,-9.691749085749162829e-01,-2.782235333042526459e-01,1.603472703181479719e+00,-6.022568574089055105e+00
2.999999999999999889e-01,-9.512740711774010371e-01,-3.379135099436309519e-01,1.971910472695123762e+00,-5.904433062677751920e+00
3.099999999999999978e-01,-9.297297887713589226e-01,-3.963094972438117591e-01,2.331527685651475945e+00,-5.764132422817709767e+00
3.200000000000000067e-01,-9.046368250194568583e-01,-4.531930591540804798e-01,2.681041053811330510e+00,-5.602342963172873169e+00
3.300000000000000155e-01,-8.761025146464973545e-01,-5.083528721186318933e-01,3.019220926236446001e+00,-5.419808586532362860e+00
3.400000000000000244e-01,-8.442462130071449744e-01,-5.615853790417995040e-01,3.344893917410036277e+00,-5.217336416868045390e+00
3.500000000000000333e-01,-8.091987212096125592e-01,-6.126953996418417203e-01,3.656945181837139014e+00,-4.995792463258698746e+00
3.599999999999999867e-01,-7.711016901988240191e-01,-6.614966977014362648e-01,3.954320362020680157e+00,-4.756097346270121484e+00
3.699999999999999956e-01,-7.301070069268271734e-01,-7.078125059561707344e-01,4.236027237780970900e+00,-4.499222107900051171e+00
3.800000000000000044e-01,-6.863761654546549629e-01,-7.514760095512093008e-01,4.501137105408399286e+00,-4.226184121854806186e+00
3.900000000000000133e-01,-6.400796255436621562e-01,-7.923307891426253358e-01,4.748785915163795224e+00,-3.938043116770162833e+00
4.000000000000000222e-01,-5.913961610103062316e-01,-8.302312248257102123e-01,4.978175195221782090e+00,-3.635897321060634013e+00
4.100000000000000311e-01,-5.405121998405597594e-01,-8.650428621403247753e-01,5.188572789342233094e+00,-3.320879734407868433e+00
4.199999999999999845e-01,-4.876211577922952012e-01,-8.966427414357239778e-01,5.379313434404584982e+00,-2.994154527500810126e+00
4.299999999999999933e-01,-4.329227669592114469e-01,-9.249196918770945519e-01,5.549799202497236017e+00,-2.656913568530616665e+00
4.400000000000000022e-01,-3.766224005308774214e-01,-9.497745913462276590e-01,5.699499830564064951e+00,-2.310373072129159322e+00
4.500000000000000111e-01,-3.189303947625027336e-01,-9.711205934322857392e-01,5.827952958712674381e+00,-1.955770363923283073e+00
4.600000000000000200e-01,-2.600613689669977746e-01,-9.888833226284817757e-01,5.934764296220528479e+00,-1.594360751656205055e+00
4.700000000000000289e-01,-2.002335441622905277e-01,-1.003001038749619100e+00,6.019607732067698613e+00,-1.227414491898038751e+00
4.799999999999999822e-01,-1.396680608499652199e-01,-1.013424771466719498e+00,6.082225404506294453e+00,-8.562138397233187703e-01
4.899999999999999911e-01,-7.858829626806526636e-02,-1.020118425721220357e+00,6.122427741770872345e+00,-4.820501673675328669e-01
5.000000000000000000e-01,-1.721918135211474021e-02,-1.023058858635193413e+00,6.140093483561715360e+00,-1.062211367799030803e-01
5.100000000000000089e-01,4.421348244536457001e-02,-1.022235928378394609e+00,6.135169690411445664e+00,2.699720898405919001e-01
5.200000000000000178e-01,1.054837063849237561e-01,-1.017652515290331072e+00,6.107671745490141468e+00,6.452276180102936021e-01
5.300000000000000266e-01,1.663659976606011448e-01,-1.009324515388465571e+00,6.057683350828271251e+00,1.018245584227897016e+00
5.400000000000000355e-01,2.266360425582800431e-01,-9.972808062247230376e-01,5.985356517352507844e+00,1.387730931408441171e+00
5.500000000000000444e-01,2.860713894805784197e-01,-9.815631848841259721e-01,5.890911545548480177e+00,1.752396213161576011e+00
5.600000000000000533e-01,3.444521317220816670e-01,-9.622262777541835677e-01,5.774636990998519792e+00,2.110964443150595393e+00
5.700000000000000622e-01,4.015615898083982893e-01,-9.393374215341416811e-01,5.636889606504100314e+00,2.462172005071599390e+00
5.799999999999999600e-01,4.571869931169731949e-01,-9.129765148019469700e-01,5.478094250006062538e+00,2.804771637834015952e+00
5.899999999999999689e-01,5.111201603773286584e-01,-8.832358393164273513e-01,5.298743745077020506e+00,3.137535509298574610e+00
5.999999999999999778e-01,5.631581785040828958e-01,-8.502198501054458735e-01,5.099398678398502582e+00,3.459258390429887697e+00
6.099999999999999867e-01,6.131040790485926539e-01,-8.140449332804189364e-01,4.880687116372426360e+00,3.768760939941049770e+00
6.199999999999999956e-01,6.607675113654872812e-01,-7.748391304264450330e-01,4.643304220878206046e+00,4.064893107440522790e+00
6.300000000000000044e-01,7.059654113800916120e-01,-7.327418283482779460e-01,4.388011742202807319e+00,4.346537660731778274e+00
6.400000000000000133e-01,7.485226646134750528e-01,-6.879034129084357074e-01,4.115637365375278023e+00,4.612613840260590514e+00
6.500000000000000222e-01,7.882727618756797394e-01,-6.404848856778467825e-01,3.827073884567806950e+00,4.862081140753625519e+00
6.600000000000000311e-01,8.250584457770352431e-01,-5.906574421345298642e-01,3.523278178924418746e+00,5.093943216849516453e+00
6.700000000000000400e-01,8.587323459352651511e-01,-5.386020101947721628e-01,3.205269962191976685e+00,5.307251905999777364e+00
6.800000000000000488e-01,8.891576004757217877e-01,-4.845087479468571101e-01,2.874130277905543540e+00,5.501111358128270012e+00
6.900000000000000577e-01,9.162084611374403664e-01,-4.285764995821464973e-01,2.530999711672910824e+00,5.674682257508934846e+00
7.000000000000000666e-01,9.397708790131985568e-01,-3.710122086845010214e-01,2.177076292364294563e+00,5.827186118085414535e+00
7.099999999999999645e-01,9.597430676723566201e-01,-3.120302882485118667e-01,1.813613054795650159e+00,5.957909629056513445e+00
7.199999999999999734e-01,9.760360401464148739e-01,-2.518519470512021741e-01,1.441915237848956144e+00,6.066209023042336668e+00
7.299999999999999822e-01,9.885741160049301701e-01,-1.907044723015383636e-01,1.063337093947543721e+00,6.151514434593170044e+00
7.399999999999999911e-01,9.972953945201064041e-01,-1.288204688373431051e-01,6.792782884405448307e-01,6.213334212284209457e+00
7.500000000000000000e-01,1.002152189718827247e+00,-6.643705552926987279e-02,2.911798707807540798e-01,6.251259143243287575e+00
7.600000000000000089e-01,1.003111422958202326e+00,-3.795019984673575486e-03,-9.948019657347140221e-02,6.264966544786087610e+00
7.700000000000000178e-01,1.000154968542104061e+00,5.886206688226570949e-02,-4.911919608312008134e-01,6.254224173994262337e+00
7.800000000000000266e-01,9.932799478289200401e-01,1.212887743378563143e-01,-8.824188569296911311e-01,6.218893902684998309e+00
7.900000000000000355e-01,9.824989672719015577e-01,1.832387707560855783e-01,-1.271603538621861373e+00,6.158935102410410423e+00
8.000000000000000444e-01,9.678402958897505126e-01,2.444658148019853150e-01,-1.657174153416699269e+00,6.074407682019174359e+00
8.100000000000000533e-01,9.493479777925281082e-01,3.047247751041204378e-01,-2.037551044819790214e+00,5.965474719037687557e+00
8.200000000000000622e-01,9.270818755918431853e-01,3.637726740575316642e-01,-2.411153857472815076e+00,5.832404625805515330e+00
8.300000000000000711e-01,9.011176408087147038e-01,4.213697508086964305e-01,-2.776409012595283610e+00,5.675572792041766235e+00
8.399999999999999689e-01,8.715466077603113426e-01,4.772805378973318802e-01,-3.131757512735596549e+00,5.495462647422344915e+00
8.499999999999999778e-01,8.384756078591526496e-01,5.312749454782093039e-01,-3.475663026411480949e+00,5.292666090889408537e+00
8.599999999999999867e-01,8.020267017947158017e-01,5.831293465322869851e-01,-3.806620194952014646e+00,5.067883237844911015e+00
8.699999999999999956e-01,7.623368276851341108e-01,6.326276560134801441e-01,-4.123163095951403179e+00,4.821921442120405743e+00
8.800000000000000044e-01,7.195573639810687316e-01,6.795623964783887860e-01,-4.423873790426267050e+00,4.555693556650842524e+00
8.900000000000000133e-01,6.738536066679293723e-01,7.237357424240844495e-01,-4.707390874256439872e+00,4.270215405057970592e+00
9.000000000000000222e-01,6.254041611372244125e-01,7.649605353256763163e-01,-4.972417949004916515e+00,3.966602445775349484e+00
9.100000000000000311e-01,5.744002499715632482e-01,8.030612612317391541e-01,-5.217731922966316382e+00,3.646065620786254069e+00
9.200000000000000400e-01,5.210449387973165036e-01,8.378749827511420278e-01,-5.442191050477002356e+00,3.309906392321375623e+00
9.300000000000000488e-01,4.655522832889483209e-01,8.692522173567320820e-01,-5.644742616298817239e+00,2.959510982760126918e+00
9.400000000000000577e-01,4.081464013428727777e-01,8.970577541447570802e-01,-5.824430172391847016e+00,2.596343845248613391e+00
9.500000000000000666e-01,3.490604753585530018e-01,9.211714015262322253e-01,-5.980400236706688410e+00,2.221940404912313927e+00
9.599999999999999645e-01,2.885356904520176569e-01,9.414886587871926782e-01,-6.111908367791602181e+00,1.837899122705998645e+00
9.699999999999999734e-01,2.268201152634553019e-01,9.579213050353816428e-01,-6.218324535009466025e+00,1.445872945600985782e+00
9.799999999999999822e-01,1.641675327879318913e-01,9.703978997447881838e-01,-6.299137711922743854e+00,1.047560217654444292e+00
9.899999999999999911e-01,1.008362293394175491e-01,9.788641899069157049e-01,-6.353959629804736053e+00,6.446951362424351295e-01
1.000000000000000000e+00,3.708775033761953221e-02,9.832834196862153542e-01,-6.382527639091330585e+00,2.390378460957933160e-01
1.010000000000000009e+00,-2.681436792892204213e-02,9.836365394416692887e-01,-6.384706638669198853e+00,-1.676357294828524358e-01
1.020000000000000018e+00,-9.060588107239492262e-02,9.799223119997745313e-01,-6.360490045931331160e+00,-5.735442159172712273e-01
1.030000000000000027e+00,-1.540231242136279044e-01,9.721573151271496460e-01,-6.309999794212931334e+00,-9.769111659003819614e-01
1.040000000000000036e+00,-2.168042946700931006e-01,9.603758402335051958e-01,-6.233485358221036776e+00,-1.375975380989671759e+00
1.050000000000000044e+00,-2.786907200425234321e-01,9.446296884170227726e-01,-6.131321822049513592e+00,-1.769001069214428901e+00
1.060000000000000053e+00,-3.394281022342670595e-01,9.249878660235925087e-01,-6.004007017987998296e+00,-2.154287734841900281e+00
1.070000000000000062e+00,-3.987677282866008976e-01,9.015361829088186507e-01,-5.852157777262737781e+00,-2.530179701578556095e+00
1.080000000000000071e+00,-4.564676393873670079e-01,8.743767575484424626e-01,-5.676505345787619561e+00,-2.895075177400754374e+00
1.090000000000000080e+00,-5.122937499981470300e-01,8.436274340218588019e-01,-5.477890028688352508e+00,-3.247434777714238496e+00
1.100000000000000089e+00,-5.660209097329587102e-01,8.094211166799807344e-01,-5.257255136568771192e+00,-3.585789433390569325e+00
1.110000000000000098e+00,-6.174339013933546338e-01,7.719050289907143370e-01,-5.015640314042521197e+00,-3.908747621145543860e+00
1.120000000000000107e+00,-6.663283694035773141e-01,7.312399036235109895e-01,-4.754174336837212245e+00,-4.215001865413841919e+00
1.130000000000000115e+00,-7.125116737769162656e-01,6.875991112826758123e-01,-4.474067467728668035e+00,-4.503334473029723561e+00
1.140000000000000124e+00,-7.558036656621131000e-01,6.411677361242015261e-01,-4.176603463672778460e+00,-4.772622474341152277e+00
1.150000000000000133e+00,-7.960373814482705201e-01,5.921416057927694210e-01,-3.863131326816764854e+00,-5.021841756571388871e+00
1.159999999999999920e+00,-8.330596533306370288e-01,5.407262841969434630e-01,-3.535056890683299091e+00,-5.250070387025949081e+00
1.169999999999999929e+00,-8.667316351414131592e-01,4.871360351068154126e-01,-3.193834329864175814e+00,-5.456491134880428362e+00
1.179999999999999938e+00,-8.969292431144508804e-01,4.315927645170370974e-01,-2.840957677203337362e+00,-5.640393210567251181e+00
1.189999999999999947e+00,-9.235435120673085585e-01,3.743249494788084553e-01,-2.477952426885924542e+00,-5.801173251036798817e+00
1.199999999999999956e+00,-9.464808682375529525e-01,3.155665607779791215e-01,-2.106367295291832420e+00,-5.938335587271410532e+00
1.209999999999999964e+00,-9.656633206936018343e-01,2.555559864350517296e-01,-1.727766204139023376e+00,-6.051491837291871789e+00
1.219999999999999973e+00,-9.810285738471544725e-01,1.945349625393018589e-01,-1.343720542554699193e+00,-6.140359873467727603e+00
1.229999999999999982e+00,-9.925300641199132912e-01,1.327475174164835237e-01,-9.558017564864318416e-01,-6.204762217215661124e+00
1.239999999999999991e+00,-1.000136924259539484e+00,7.043893458061262214e-02,-5.655743055035291622e-01,-6.244623917168726557e+00
1.250000000000000000e+00,-1.003833879158221754e+00,7.854739347654265957e-03,-1.745890187273539396e-01,-6.259969968677689067e+00
1.260000000000000009e+00,-1.003621077303265885e+00,-5.476028659556152201e-02,2.156231264665778857e-01,-6.250922333142925780e+00
1.270000000000000018e+00,-9.995138621856580752e-01,-1.171630589592435878e-01,6.035567870698148596e-01,-6.217696615269445282e+00
1.280000000000000027e+00,-9.915424881138532598e-01,-1.791131098237618846e-01,9.877375897427673745e-01,-6.160598455000831919e+00
1.290000000000000036e+00,-9.797517849313790439e-01,-2.403734692450001376e-01,1.366727016847737008e+00,-6.080019688741602479e+00
1.300000000000000044e+00,-9.642007761243065467e-01,-3.007115074523565301e-01,1.739126847319605318e+00,-5.976434331647194398e+00
1.310000000000000053e+00,-9.449622547348961454e-01,-3.598997361018050345e-01,2.103583161852798256e+00,-5.850394429372422600e+00
1.320000000000000062e+00,-9.221223213777794969e-01,-4.177165675120617649e-01,2.458789926546685045e+00,-5.702525823845282282e+00
1.330000000000000071e+00,-8.957798884920541438e-01,-4.739470312374137184e-01,2.803492173100009754e+00,-5.533523873489742506e+00
1.340000000000000080e+00,-8.660461547637809954e-01,-5.283834477135378460e-01,3.136488796887876962e+00,-5.344149163966537941e+00
1.350000000000000089e+00,-8.330440534255577623e-01,-5.808260590510641030e-01,3.456634996815092453e+00,-5.135223241032709218e+00
1.360000000000000098e+00,-7.969076778897737912e-01,-6.310836173450490305e-01,3.762844382750816674e+00,-4.907624392625540288e+00
1.370000000000000107e+00,-7.577816879061299860e-01,-6.789739311170639446e-01,4.054090777653065913e+00,-4.662283502829715154e+00
1.380000000000000115e+00,-7.158206991578883738e-01,-7.243243707110885721e-01,4.329409742234734182e+00,-4.400179996051591935e+00
1.390000000000000124e+00,-6.711886589304435491e-01,-7.669723336262526114e-01,4.587899850256102141e+00,-4.122337885553739589e+00
1.400000000000000133e+00,-6.240582102050344915e-01,-8.067656708905563967e-01,4.828723742304344313e+00,-3.829821936538026605e+00
1.409999999999999920e+00,-5.746100462540426612e-01,-8.435630756622672921e-01,5.051108985290302833e+00,-3.523733950238546964e+00
1.419999999999999929e+00,-5.230322575461582302e-01,-8.772344352922512023e-01,5.254348763907348285e+00,-3.205209172019739317e+00
1.429999999999999938e+00,-4.695196725130382220e-01,-9.076611480937600840e-01,5.437802429004528371e+00,-2.875412823285863784e+00
1.439999999999999947e+00,-4.142731934867711630e-01,-9.347364060489847803e-01,5.600895926271226344e+00,-2.535536754104764867e+00
1.449999999999999956e+00,-3.574991288919055488e-01,-9.583654446368925495e-01,5.743122126854227183e+00,-2.186796210835562082e+00
1.459999999999999964e+00,-2.994085225690172880e-01,-9.784657608973996723e-01,5.864041079567376968e+00,-1.830426710726426265e+00
1.469999999999999973e+00,-2.402164809204478668e-01,-9.949673007556806281e-01,5.963280202241702632e+00,-1.467681013411784141e+00
1.479999999999999982e+00,-1.801414984043077372e-01,-1.007812616520217031e+00,6.040534427528576167e+00,-1.099826177482924994e+00
1.489999999999999991e+00,-1.194047817612002849e-01,-1.016956995341839587e+00,6.095566316135110796e+00,-7.281406888257186960e-01
1.500000000000000000e+00,-5.822957324025097858e-02,-1.022368559281221057e+00,6.128206148060684200e+00,-3.539116462073024771e-01
1.510000000000000009e+00,3.159527002408554774e-03,-1.024028337481693862e+00,6.138351999934501535e+00,2.156801135626690291e-02
1.520000000000000018e+00,6.453723922804449620e-02,-1.021930310785480911e+00,6.125969814041996919e+00,3.970022516127602041e-01
1.530000000000000027e+00,1.256782831011493962e-01,-1.016081428966976841e+00,6.091093462086227817e+00,7.710946870694053157e-01
1.540000000000000036e+00,1.863580572928927037e-01,-1.006501600589118972e+00,6.033824804171459277e+00,1.142551320765337053e+00
1.550000000000000044e+00,2.463533196504047451e-01,-9.932236553206051921e-01,5.954333740931307517e+00,1.510083316557389255e+00
1.560000000000000053e+00,3.054428678464709557e-01,-9.762932783852711349e-01,5.852858254164531537e+00,1.872409810348357295e+00
1.570000000000000062e+00,3.634082203650401688e-01,-9.557689166528120506e-01,5.729704428799852423e+00,2.228260778126522901e+00
1.580000000000000071e+00,4.200342975934818202e-01,-9.317216557247957054e-01,5.585246446500267581e+00,2.576379975867288064e+00
1.590000000000000080e+00,4.751101026831340279e-01,-9.042350672241518117e-01,5.419926538752391387e+00,2.915527965266149657e+00
1.600000000000000089e+00,5.284294017059157911e-01,-8.734050253627222427e-01,5.234254884885040759e+00,3.244485237919872311e+00
1.610000000000000098e+00,5.797914024773563879e-01,-8.393394917427471347e-01,5.028809438144251409e+00,3.562055448942005764e+00
1.620000000000000107e+00,6.290014312362837146e-01,-8.021582672471819775e-01,4.804235660743389147e+00,3.867068769082436575e+00
1.630000000000000115e+00,6.758716061698222255e-01,-7.619927097933704152e-01,4.561246146735045137e+00,4.158385362211942216e+00
1.640000000000000124e+00,7.202215065507997505e-01,-7.189854166677971392e-01,4.300620109648250811e+00,4.434898992527034345e+00
1.650000000000000133e+00,7.618788360150091643e-01,-6.732898701294012245e-01,4.023202710136697391e+00,4.695540763025774389e+00
1.660000000000000142e+00,8.006800782502627722e-01,-6.250700449682310422e-01,3.729904197431916479e+00,4.939282983703626506e+00
1.669999999999999929e+00,8.364711431004936415e-01,-5.744999767380218891e-01,3.421698837234487200e+00,5.165143164526671882e+00
1.679999999999999938e+00,8.691080008094353992e-01,-5.217632894484262041e-01,3.099623597854705981e+00,5.372188124570647538e+00
1.689999999999999947e+00,8.984573018433018587e-01,-4.670526816078157673e-01,2.764776565982903556e+00,5.559538204788795568e+00
1.699999999999999956e+00,9.243969794445505705e-01,-4.105693696532471959e-01,2.418315063481879079e+00,5.726371567718289590e+00
1.709999999999999964e+00,9.468168317839582571e-01,-3.525224879924491184e-01,2.061453437103414998e+00,5.871928563092716935e+00
1.719999999999999973e+00,9.656190803011044377e-01,-2.931284451152207926e-01,1.695460494090327730e+00,5.995516133845865347e+00
1.729999999999999982e+00,9.807189005597088949e-01,-2.326102355095548968e-01,1.321656558284987515e+00,6.096512232430386646e+00
1.739999999999999991e+00,9.920449217003461939e-01,-1.711967074415732259e-01,9.414101236697227648e-01,6.174370212806079117e+00
1.750000000000000000e+00,9.995396903555224810e-01,-1.091217870276725843e-01,5.561340852517747679e-01,6.228623158960611583e+00
1.760000000000000009e+00,1.003160094707946426e+00,-4.662365944089788550e-02,1.672815309032400499e-01,6.258888106506206306e+00
1.770000000000000018e+00,1.002877744229274004e+00,1.605609145074254895e-02,-2.236589178100785724e-01,6.264870109855356972e+00
1.780000000000000027e+00,9.986793005409507762e-01,7.867338322187766853e-02,-6.151682226280532628e-01,6.246366103832624361e+00
1.790000000000000036e+00,9.905667547982359711e-01,1.409825724825364834e-01,-1.005702504384891283e+00,6.203268505450561854e+00
1.800000000000000044e+00,9.785576470199908172e-01,2.027374270483235652e-01,-1.393699072023722341e+00,6.135568499092949324e+00
1.810000000000000053e+00,9.626852228767941444e-01,2.636921292319661658e-01,-1.777582892142514304e+00,6.043358946635850160e+00
1.820000000000000062e+00,9.429985236141057436e-01,3.236023062089668501e-01,-2.155773478724244185e+00,5.926836863221581098e+00
1.830000000000000071e+00,9.195624050302556585e-01,3.822260828155258916e-01,-2.526692174641196331e+00,5.786305399600052191e+00
1.840000000000000080e+00,8.924574817544839167e-01,4.393251515496963688e-01,-2.888769788185251208e+00,5.622175273270901386e+00
1.850000000000000089e+00,8.617799934800941530e-01,4.946658539785883102e-01,-3.240454539422634728e+00,5.434965593185499877e+00
1.860000000000000098e+00,8.276415903023138787e-01,5.480202672177978407e-01,-3.580220262784204799e+00,5.225304026563940774e+00
1.870000000000000107e+00,7.901690348880496817e-01,5.991672886570649226e-01,-3.906574804180689586e+00,4.993926261483940365e+00
1.880000000000000115e+00,7.495038198616857938e-01,6.478937116716164679e-01,-4.218068543289963834e+00,4.741674725308405058e+00
1.890000000000000124e+00,7.058016995215061762e-01,6.939952846947329279e-01,-4.513302964722027077e+00,4.469496526701420613e+00
1.900000000000000133e+00,6.592321357970873930e-01,7.372777457462501571e-01,-4.790939195749621682e+00,4.178440597863763983e+00
1.910000000000000142e+00,6.099776592087636784e-01,7.775578243254728239e-01,-5.049706423414663803e+00,3.869654023582414837e+00
1.919999999999999929e+00,5.582331464835436075e-01,8.146642024954675598e-01,-5.288410100284360205e+00,3.544377554576027656e+00
1.929999999999999938e+00,5.042050174032847165e-01,8.484384270172679043e-01,-5.505939846114224601e+00,3.203940314232267550e+00
1.939999999999999947e+00,4.481103543944809364e-01,8.787357645433293563e-01,-5.701276952324702663e+00,2.849753719939603247e+00
1.949999999999999956e+00,3.901759492973816412e-01,9.054259921532967770e-01,-5.873501397620900732e+00,2.483304652551149960e+00
1.959999999999999964e+00,3.306372826571780665e-01,9.283941159126709586e-01,-6.021798286341914164e+00,2.106147919793802892e+00
1.969999999999999973e+00,2.697374417431354088e-01,9.475410106541944932e-01,-6.145463626227076759e+00,1.719898071350017599e+00
1.979999999999999982e+00,2.077259843044673149e-01,9.627839748175724965e-01,-6.243909369185891123e+00,1.326220634585513869e+00
1.989999999999999991e+00,1.448577557968232787e-01,9.740571949272684993e-01,-6.316667647255216345e+00,9.268228501738040581e-01
2.000000000000000000e+00,8.139166844416606539e-02,9.813121151294158517e-01,-6.363394146065376233e+00,5.234439958951866423e-01
2.010000000000000231e+00,1.758945102306172514e-02,9.845177081334920421e-01,-6.383870569608644630e+00,1.178453944097677675e-01
2.020000000000000018e+00,-4.628562134218175417e-02,9.836606448960708571e-01,-6.378006162656087774e+00,-2.881997933941094492e-01
2.030000000000000249e+00,-1.099700078139398268e-01,9.787453614245303912e-01,-6.345838270511451107e+00,-6.929168839607173780e-01
2.040000000000000036e+00,-1.732011832111437222e-01,9.697940221484572243e-01,-6.287531929605592040e+00,-1.094539988109114903e+00
2.049999999999999822e+00,-2.357189104256403045e-01,9.568463803852126359e-01,-6.203378496387203178e+00,-1.491322222271513898e+00
2.060000000000000053e+00,-2.972664943405924909e-01,9.399595374930382885e-01,-6.093793335716220838e+00,-1.881545708833946007e+00
2.069999999999999840e+00,-3.575920079866243273e-01,9.192076033398931534e-01,-5.959312603183964718e+00,-2.263531264656811093e+00
2.080000000000000071e+00,-4.164494820802444597e-01,8.946812616996110412e-01,-5.800589168156814246e+00,-2.635647682878527576e+00
2.089999999999999858e+00,-4.736000496166398732e-01,8.664872451011933485e-01,-5.618387735586517273e+00,-2.996320520806566190e+00
2.100000000000000089e+00,-5.288130378226254535e-01,8.347477244863646950e-01,-5.413579234508096860e+00,-3.344040315852821355e+00
2.109999999999999876e+00,-5.818670005005793788e-01,7.995996197616375145e-01,-5.187134549460722610e+00,-3.677370161814781824e+00
2.120000000000000107e+00,-6.325506845940991330e-01,7.611938379535181376e-01,-4.940117677675139873e+00,-3.994952589055011050e+00
2.129999999999999893e+00,-6.806639256632400770e-01,7.196944461815604210e-01,-4.673678399685367246e+00,-4.295515703989080336e+00
2.140000000000000124e+00,-7.260184678533048164e-01,6.752777870491991630e-01,-4.389044554010037125e+00,-4.577878555452898013e+00
2.149999999999999911e+00,-7.684387048579504054e-01,6.281315443151602729e-01,-4.087514007730965737e+00,-4.840955707687910170e+00
2.160000000000000142e+00,-8.077623392970560978e-01,5.784537668501384955e-01,-3.770446414244055244e+00,-5.083761011577165867e+00
2.169999999999999929e+00,-8.438409588354750523e-01,5.264518589084398181e-01,-3.439254847285003525e+00,-5.305410577132065875e+00
2.180000000000000160e+00,-8.765405282449576507e-01,4.723415446588855038e-01,-3.095397396691294212e+00,-5.505124960845626525e+00
2.189999999999999947e+00,-9.057417974443427999e-01,4.163458147320089897e-01,-2.740368806433255866e+00,-5.682230591206971937e+00
2.200000000000000178e+00,-9.313406263306654997e-01,3.586938622616537287e-01,-2.375692229432337488e+00,-5.836160464266705539e+00
2.209999999999999964e+00,-9.532482279263174707e-01,2.996200155399738607e-01,-2.002911166798261089e+00,-5.966454148548037573e+00
2.220000000000000195e+00,-9.713913320072024016e-01,2.393626739778712542e-01,-1.623581651577064022e+00,-6.072757144748758940e+00
2.229999999999999982e+00,-9.857122719385146281e-01,1.781632535808501394e-01,-1.239264729125021169e+00,-6.154819650547582732e+00
2.240000000000000213e+00,-9.961689979250381022e-01,1.162651476259887462e-01,-8.515192780156491947e-01,-6.212494784423805427e+00
2.250000000000000000e+00,-1.002735020280404843e+00,5.391270767181912532e-02,-4.618952071403337190e-01,-6.245736324761659297e+00
2.260000000000000231e+00,-1.005399286635105138e+00,-8.649750538577784253e-03,-7.192705655076514493e-02,-6.254596021706867681e+00
2.270000000000000018e+00,-1.004165997238359864e+00,-7.117891229874520609e-02,3.168719782353448533e-01,-6.239220539360874618e+00
2.280000000000000249e+00,-9.990543626678123346e-01,-1.334333968755834765e-01,7.030155861571258935e-01,-6.199848085042465762e+00
2.290000000000000036e+00,-9.900983083480825453e-01,-1.951746553135827456e-01,1.085049439350409317e+00,-6.136804780632620471e+00
2.300000000000000266e+00,-9.773461303001701461e-01,-2.561678307980039815e-01,1.461555851593592248e+00,-6.050500828568418754e+00
2.310000000000000053e+00,-9.608601065048029133e-01,-3.161825797800904558e-01,1.831158002997082868e+00,-5.941426521989799703e+00
2.319999999999999840e+00,-9.407160681708336414e-01,-3.749938525456495420e-01,2.192523742435923850e+00,-5.810148144991249985e+00
2.330000000000000071e+00,-9.170029350616862862e-01,-4.323826323489407542e-01,2.544368983485568947e+00,-5.657303805006760555e+00
2.339999999999999858e+00,-8.898222188556825785e-01,-4.881366326335883632e-01,2.885460713181362991e+00,-5.483599235170762753e+00
2.350000000000000089e+00,-8.592874983067939620e-01,-5.420509522191245821e-01,3.214619635799264241e+00,-5.289803600151431695e+00
2.359999999999999876e+00,-8.255238697376779955e-01,-5.939286886446333291e-01,3.530722476076673999e+00,-5.076745334536257204e+00
2.370000000000000107e+00,-7.886673761431679530e-01,-6.435815101295319085e-01,3.832703967894889097e+00,-4.845308038442614595e+00
2.379999999999999893e+00,-7.488644179156624947e-01,-6.908301868362588527e-01,4.119558555472289996e+00,-4.596426450696318611e+00
2.390000000000000124e+00,-7.062711479296365225e-01,-7.355050823016234807e-01,4.390341834617977668e+00,-4.331082515725552362e+00
2.399999999999999911e+00,-6.610528534457732475e-01,-7.774466060444034099e-01,4.644171761619468874e+00,-4.050301556302294159e+00
2.410000000000000142e+00,-6.133833270205220067e-01,-8.165056284584719659e-01,4.880229656936375449e+00,-3.755148560464449670e+00
2.419999999999999929e+00,-5.634442283382098404e-01,-8.525438591656046006e-01,5.097761030094821066e+00,-3.446724587396441830e+00
2.430000000000000160e+00,-5.114244386236841411e-01,-8.854341900327105108e-01,5.296076251073053243e+00,-3.126163293753053019e+00
2.439999999999999947e+00,-4.575194090468798214e-01,-9.150610040572582093e-01,5.474551092082611703e+00,-2.794627578893107867e+00
2.450000000000000178e+00,-4.019305042992767363e-01,-9.413204512949067126e-01,5.632627162023474021e+00,-2.453306344752647306e+00
2.459999999999999964e+00,-3.448643423081481085e-01,-9.641206929476484611e-01,5.769812254063882762e+00,-2.103411363633569398e+00
2.470000000000000195e+00,-2.865321308596288086e-01,-9.833821146519494683e-01,5.885680624800039062e+00,-1.746174245011782311e+00
2.479999999999999982e+00,-2.271490017274757911e-01,-9.990375099072346110e-01,5.979873221317487442e+00,-1.382843490574809042e+00
2.490000000000000213e+00,-1.669333427521874358e-01,-1.011032234468372648e+00,6.052097870230801924e+00,-1.014681625076990334e+00
2.500000000000000000e+00,-1.061061281858949601e-01,-1.019324332394246913e+00,6.102129440443527564e+00,-6.429623892448131928e-01
2.510000000000000231e+00,-4.489024751292539084e-02,-1.023884634300699092e+00,6.129809988965343237e+00,-2.689679798692403145e-01
2.520000000000000018e+00,1.649016712522043820e-02,-1.024696828212653621e+00,6.135048896664432760e+00,1.060136786192749647e-01
2.530000000000000249e+00,7.781041482806581866e-02,-1.021757503249615340e+00,6.117822998334237816e+00,4.806916473885963770e-01
2.540000000000000036e+00,1.388459011163038215e-01,-1.015076166213433773e+00,6.078176708927549576e+00,8.537746878951779639e-01
2.550000000000000266e+00,1.993728143584730383e-01,-1.004675230979726885e+00,6.016222145268729449e+00,1.223973994764756101e+00
2.560000000000000053e+00,2.591688033890836018e-01,-9.905899804271046660e-01,5.932139240007876957e+00,1.590005963453245741e+00
2.569999999999999840e+00,3.180136562179836091e-01,-9.728685004737923636e-01,5.826175842040274944e+00,1.950595008880428471e+00
2.580000000000000071e+00,3.756899796602841679e-01,-9.515715856319501009e-01,5.698647795092907309e+00,2.304476450578480939e+00
2.589999999999999858e+00,4.319838796205992537e-01,-9.267726153384616694e-01,5.549938983691077965e+00,2.650399478987566670e+00
2.600000000000000089e+00,4.866856416451073586e-01,-8.985574001798621868e-01,5.380501333278450815e+00,2.987130216354465517e+00
2.609999999999999876e+00,5.395904112105847084e-01,-8.670239970010804598e-01,5.190854748892058446e+00,3.313454884239586562e+00
2.620000000000000107e+00,5.904988730518740958e-01,-8.322824917755879959e-01,4.981586974512295818e+00,3.628183087904559567e+00
2.629999999999999893e+00,6.392179286392635218e-01,-7.944547490212237051e-01,4.753353353042653495e+00,3.930151225829257022e+00
2.640000000000000124e+00,6.855613707062570006e-01,-7.536741264743529456e-01,4.506876464855011477e+00,4.218226030287209660e+00
2.649999999999999911e+00,7.293505534978517169e-01,-7.100851536881043202e-01,4.242945620998113121e+00,4.491308242287822772e+00
2.660000000000000142e+00,7.704150571616804610e-01,-6.638431732012385345e-01,3.962416185548085945e+00,4.748336421271713625e+00
2.669999999999999929e+00,8.085933444416362192e-01,-6.151139429357423971e-01,3.666208700223504202e+00,4.988290886725348372e+00
2.680000000000000160e+00,8.437334075587168414e-01,-5.640731985264635373e-01,3.355307783340374606e+00,5.210197785372048251e+00
2.689999999999999947e+00,8.756934028801490744e-01,-5.109061743678391387e-01,3.030760774494700716e+00,5.413133273814096924e+00
2.700000000000000178e+00,9.043422706892234597e-01,-4.558070822836524649e-01,2.693676096084689053e+00,5.596227802468873413e+00
2.709999999999999964e+00,9.295603370790920250e-01,-3.989785468881373864e-01,2.345221302975257327e+00,5.758670482393503320e+00
2.720000000000000195e+00,9.512398947089765189e-01,-3.406309969126168902e-01,1.986620792318440909e+00,5.899713512170374763e+00
2.729999999999999982e+00,9.692857588862882068e-01,-2.809820120227008999e-01,1.619153146826963763e+00,6.018676637484043468e+00
2.740000000000000213e+00,9.836157951790484022e-01,-2.202556249477831407e-01,1.244148086703410705e+00,6.114951611424118916e+00
2.750000000000000000e+00,9.941614145261763458e-01,-1.586815790873462861e-01,8.629830079968672241e-01,6.188006618976242379e+00
2.760000000000000231e+00,1.000868031605510522e+00,-9.649454214675519392e-02,4.770790884269453525e-01,6.237390624703646580e+00
2.770000000000000018e+00,1.003695482047996190e+00,-3.393327678718477403e-02,8.789694570497336157e-02,6.262737598375751169e+00
2.780000000000000249e+00,1.002618393958596421e+00,2.876023025257778976e-02,-3.030681618968582014e-01,6.263770569378641184e+00
2.790000000000000036e+00,9.976265091275032804e-01,9.134167859432211489e-02,-6.942915975327723643e-01,6.240305457264452293e+00
2.800000000000000266e+00,9.887249492962784103e-01,1.535654017078190992e-01,-1.084225068989363328e+00,6.192254622888113680e+00
2.810000000000000053e+00,9.759344228894475393e-01,2.151853483681124279e-01,-1.471302804981252432e+00,6.119630082368997748e+00
2.819999999999999840e+00,9.592913677389848237e-01,2.759560944165300178e-01,-1.853948169038619476e+00,6.022546324729704637e+00
2.830000000000000071e+00,9.388480255224247450e-01,3.356338805630156297e-01,-2.230580687638677340e+00,5.901222673627354531e+00
2.839999999999999858e+00,9.146724439092833725e-01,3.939776713718382006e-01,-2.599623461023213178e+00,5.755985134217572075e+00
2.850000000000000089e+00,8.868484027679934822e-01,4.507502299890394637e-01,-2.959510916720772933e+00,5.587267667976119512e+00
2.859999999999999876e+00,8.554752612279947765e-01,5.057192026101791082e-01,-3.308696857324310514e+00,5.395612841325934994e+00
2.870000000000000107e+00,8.206677229185103117e-01,5.586582061637456187e-01,-3.645662745753082135e+00,5.181671798230603088e+00
2.879999999999999893e+00,7.825555173144197463e-01,6.093479122121208125e-01,-3.968926163257695539e+00,4.946203512540982672e+00
2.890000000000000124e+00,7.412829958059237168e-01,6.575771196613660052e-01,-4.277049368027454612e+00,4.690073282806773491e+00
2.899999999999999911e+00,6.970086418655544458e-01,7.031438085361778612e-01,-4.568647875652518842e+00,4.414250440437614387e+00
2.910000000000000142e+00,6.499044955044745997e-01,7.458561668292562619e-01,-4.842398977100908830e+00,4.119805251426555515e+00
2.919999999999999929e+00,6.001554930786825448e-01,7.855335822860268769e-01,-5.097050105502926698e+00,3.807905002198206823e+00
2.930000000000000160e+00,5.479587244114295652e-01,8.220075909455946128e-01,-5.331426960085513755e+00,3.479809271339587617e+00
2.939999999999999947e+00,4.935226101257725317e-01,8.551227743344612664e-01,-5.544441294231827300e+00,3.136864400800185138e+00
2.950000000000000178e+00,4.370660030141531593e-01,8.847375974060782688e-01,-5.735098274987212363e+00,2.780497192361831349e+00
2.959999999999999964e+00,3.788172181925201221e-01,9.107251796392652476e-01,-5.902503323479564301e+00,2.412207867503832759e+00
2.970000000000000195e+00,3.190129976764612962e-01,9.329739921515696199e-01,-6.045868349709177636e+00,2.033562340930071599e+00
2.979999999999999982e+00,2.578974158576174402e-01,9.513884742464207012e-01,-6.164517300976883440e+00,1.646183869677999123e+00
2.990000000000000213e+00,1.957207331322430022e-01,9.658895634890211079e-01,-6.257890950790534035e+00,1.251744150590421434e+00
3.000000000000000000e+00,1.327382056230805296e-01,9.764151341858825495e-01,-6.325550864293975728e+00,8.519539487068656936e-01
3.010000000000000231e+00,6.920885952515704043e-02,9.829203400144693736e-01,-6.367182486921516116e+00,4.485533475517463620e-01
3.020000000000000018e+00,5.394239082171140010e-03,9.853778574977238858e-01,-6.382597314867543226e+00,4.330171912411284740e-02
3.030000000000000249e+00,-5.844286244820320886e-02,9.837780280262836685e-01,-6.371734118806513081e+00,-3.620324835663476515e-01
3.040000000000000036e+00,-1.220396792626579213e-01,9.781288971802258869e-01,-6.334659205800894810e+00,-7.656820054644680740e-01
3.050000000000000266e+00,-1.851347472552116180e-01,9.684561511722807881e-01,-6.271565718169107129e+00,-1.165891032895264523e+00
3.060000000000000053e+00,-2.474691664333474317e-01,9.548029513051532469e-01,-6.182771981916065585e+00,-1.560925295368983168e+00
3.070000000000000284e+00,-3.087878421008995455e-01,9.372296683864158595e-01,-6.068718930820615753e+00,-1.949081922658260524e+00
3.080000000000000071e+00,-3.688406957286497478e-01,9.158135200555703737e-01,-5.929966645104771672e+00,-2.328698958935403684e+00
3.089999999999999858e+00,-4.273838368851816116e-01,8.906481149307153844e-01,-5.767190055481344224e+00,-2.698164442426173704e+00
3.100000000000000089e+00,-4.841806881653090144e-01,8.618429083599515872e-01,-5.581173874025678217e+00,-3.055924967280409188e+00
3.109999999999999876e+00,-5.390030557178993043e-01,8.295225753505586219e-01,-5.372806822522942838e+00,-3.400493653940964922e+00
3.120000000000000107e+00,-5.916321387237216678e-01,7.938263069350048884e-01,-5.143075236533050543e+00,-3.730457464941129508e+00
3.129999999999999893e+00,-6.418594719901894452e-01,7.549070368077480664e-01,-4.893056129272254751e+00,-4.044483814486659057e+00
3.140000000000000124e+00,-6.894877966957329019e-01,7.129306055242745632e-01,-4.623909803470222180e+00,-4.341326432081962672e+00
3.149999999999999911e+00,-7.343318552138921040e-01,6.680748698906548988e-01,-4.336872101614542174e+00,-4.619830452542010413e+00
3.160000000000000142e+00,-7.762191068580733821e-01,6.205287653877523679e-01,-4.033246385483433727e+00,-4.878936716704759036e+00
3.169999999999999929e+00,-8.149903622949686843e-01,5.704913295716116384e-01,-3.714395334680849370e+00,-5.117685278756026968e+00
3.180000000000000160e+00,-8.505003352616972156e-01,5.181706943755075567e-01,-3.381732651155916258e+00,-5.335218127060367799e+00
3.189999999999999947e+00,-8.826181110740828339e-01,4.637830551169347948e-01,-3.036714752573625109e+00,-5.530781135551817940e+00
3.200000000000000178e+00,-9.112275322181963011e-01,4.075516237936180897e-01,-2.680832532094170162e+00,-5.703725271909265260e+00
3.209999999999999964e+00,-9.362275020634193146e-01,3.497055739470602553e-01,-2.315603255819607575e+00,-5.853507096794509756e+00
3.220000000000000195e+00,-9.575322084140072132e-01,2.904789839919373895e-01,-1.942562662092750969e+00,-5.979688595279062824e+00
3.229999999999999982e+00,-9.750712692207664789e-01,2.301097854671851350e-01,-1.563257319199898410e+00,-6.081936387179901260e+00
3.240000000000000213e+00,-9.887898033005116938e-01,1.688387221725854703e-01,-1.179237290045950237e+00,-6.160020367353248538e+00
3.250000000000000000e+00,-9.986484293559548808e-01,1.069083256256758430e-01,-7.920491442360642065e-01,-6.213811830080679499e+00
3.260000000000000231e+00,-1.004623196952051378e+00,4.456191172011033513e-02,-4.032293498942784993e-01,-6.243281133574226871e+00
3.270000000000000018e+00,-1.006705453387761517e+00,-1.795739710018769836e-02,-1.429806963867347180e-02,-6.248494961401543257e+00
3.280000000000000249e+00,-1.004901650607366248e+00,-8.040762040588424198e-02,3.732466224455304182e-01,-6.229613237382434221e+00
3.290000000000000036e+00,-9.992330964268774096e-01,-1.425488359026718665e-01,7.579340931228566447e-01,-6.186885749341940688e+00
3.300000000000000266e+00,-9.897356544137042578e-01,-2.041440604696473926e-01,1.138326068490653986e+00,-6.120648535139484814e+00
3.310000000000000053e+00,-9.764593967574085598e-01,-2.649600940004245286e-01,1.513021121483142606e+00,-6.031320081749537820e+00
3.320000000000000284e+00,-9.594682144124642154e-01,-3.247683244246765133e-01,1.880658736573445067e+00,-5.919397384968631215e+00
3.330000000000000071e+00,-9.388393886871919669e-01,-3.833454927462173756e-01,2.239922964490375534e+00,-5.785451913684961589e+00
3.339999999999999858e+00,-9.146631283033620496e-01,-4.404744173538563956e-01,2.589545683715920532e+00,-5.630125518683269270e+00
3.350000000000000089e+00,-8.870420757652541788e-01,-4.959446772404045300e-01,2.928309488795468596e+00,-5.454126321774021235e+00
3.359999999999999876e+00,-8.560907866619914541e-01,-5.495532541016699968e-01,3.255050228096493470e+00,-5.258224616727491529e+00
3.370000000000000107e+00,-8.219351852892106125e-01,-6.011051335802640727e-01,3.568659215623619207e+00,-5.043248809144914802e+00
3.379999999999999893e+00,-7.847119997217337772e-01,-6.504138661685376910e-01,3.868085142877706328e+00,-4.810081418084063642e+00
3.390000000000000124e+00,-7.445681792035753199e-01,-6.973020884916687478e-01,4.152335717578376162e+00,-4.559655158037941192e+00
3.399999999999999911e+00,-7.016602964505986861e-01,-7.416020058570600426e-01,4.420479056401222628e+00,-4.292949115794383097e+00
3.410000000000000142e+00,-6.561539371891809136e-01,-7.831558370815011605e-01,4.671644858762516783e+00,-4.010985032822649288e+00
3.419999999999999929e+00,-6.082230789856024611e-01,-8.218162226950664895e-01,4.905025388165137556e+00,-3.714823700172518617e+00
3.430000000000000160e+00,-5.580494611593095344e-01,-8.574465976728170569e-01,5.119876286748211491e+00,-3.405561469455511414e+00
3.439999999999999947e+00,-5.058219473219864870e-01,-8.899215298645879457e-01,5.315517247505577636e+00,-3.084326880322743492e+00
3.450000000000000178e+00,-4.517358818463564907e-01,-9.191270252821462927e-01,5.491332567197836134e+00,-2.752277401969529969e+00
3.459999999999999964e+00,-3.959924413462256321e-01,-9.449608013645426352e-01,5.646771601318835820e+00,-2.410596283587863375e+00
3.470000000000000195e+00,-3.387979820445469192e-01,-9.673325292793114594e-01,5.781349140625620109e+00,-2.060489506355110745e+00
3.479999999999999982e+00,-2.803633837209134061e-01,-9.861640462320671041e-01,5.894645726732695046e+00,-1.703182827488370688e+00
3.490000000000000213e+00,-2.209033907653126794e-01,-1.001389538652705413e+00,5.986307922134672665e+00,-1.339918905104672042e+00
3.500000000000000000e+00,-1.606359507223434901e-01,-1.012955697005532008e+00,6.056048547779829150e+00,-9.719544911021148481e-01
3.510000000000000231e+00,-9.978155059034657381e-02,-1.020821842835804905e+00,6.103646898991350156e+00,-6.005576780103483170e-01
3.520000000000000018e+00,-3.856255104378478182e-02,-1.024960028518965727e+00,6.128948948140620523e+00,-2.270051847448976701e-01
3.530000000000000249e+00,2.279748132469391897e-02,-1.025355110023722816e+00,6.131867540032739150e+00,1.474203345658709474e-01
3.540000000000000036e+00,8.407444369331212863e-02,-1.022004792838626219e+00,6.112382583481601905e+00,5.214329750334123492e-01
3.550000000000000266e+00,1.450443686043832447e-01,-1.014919651046248372e+00,6.070541240042046205e+00,8.937462753717104746e-01
3.560000000000000053e+00,2.054840974317809210e-01,-1.004123119361999494e+00,6.006458108340635427e+00,1.263075938835798606e+00
3.570000000000000284e+00,2.651719556644682729e-01,-9.896514577883789299e-01,5.920315399915568655e+00,1.628142597192493879e+00
3.580000000000000071e+00,3.238884298943133233e-01,-9.715536883725649497e-01,5.812363099951348033e+00,1.987674633721958628e+00
3.589999999999999858e+00,3.814168463176447754e-01,-9.498915033981841782e-01,5.682919103787940074e+00,2.340411080537023736e+00
3.600000000000000089e+00,4.375440504562996269e-01,-9.247391441934370571e-01,5.532369317611778747e+00,2.685104604534670258e+00
3.609999999999999876e+00,4.920610876756917884e-01,-8.961832496001485016e-01,5.361167709314072383e+00,3.020524595052661798e+00
3.620000000000000107e+00,5.447638839252882947e-01,-8.643226730244869538e-01,5.169836293150567919e+00,3.345460364785371343e+00
3.629999999999999893e+00,5.954539259516314909e-01,-8.292682668828686987e-01,4.958965029579750272e+00,3.658724473707758218e+00
3.640000000000000124e+00,6.439389400367562244e-01,-7.911426331688493629e-01,4.729211619520897969e+00,3.959156183657342343e+00
3.649999999999999911e+00,6.900335680968916474e-01,-7.500798388015696982e-01,4.481301170291127178e+00,4.245625048824643422e+00
3.660000000000000142e+00,7.335600397394030914e-01,-7.062250943766037459e-01,4.216025708687705098e+00,4.517034644699252866e+00
3.669999999999999929e+00,7.743488386221113462e-01,-6.597343949288987375e-01,3.934243515118830192e+00,4.772326435011411405e+00
3.680000000000000160e+00,8.122393611909355382e-01,-6.107741213379364043e-01,3.636878251397505757e+00,5.010483772902474264e+00
3.689999999999999947e+00,8.470805655922193367e-01,-5.595206010602279401e-01,3.324917853847468407e+00,5.230536028962621486e+00
3.700000000000000178e+00,8.787316082686001950e-01,-5.061596269666072123e-01,2.999413162778968189e+00,5.431562834908558735e+00
3.709999999999999964e+00,9.070624654558808730e-01,-4.508859331940985316e-01,2.661476259229364150e+00,5.612698427564033921e+00
3.720000000000000195e+00,9.319545365076151722e-01,-3.939026270966966559e-01,2.312278480183836749e+00,5.773136073487532549e+00
3.729999999999999982e+00,9.533012256891394420e-01,-3.354205765980927678e-01,1.953048084349397140e+00,5.912132550110885454e+00
3.740000000000000213e+00,9.710084988092081426e-01,-2.756577525135667783e-01,1.585067542002898566e+00,6.029012654667301518e+00
3.750000000000000000e+00,9.849954108013783127e-01,-2.148385257186770092e-01,1.209670424518615617e+00,6.123173707567034718e+00
3.760000000000000231e+00,9.951946001354362581e-01,-1.531929193989821358e-01,8.282378719441292336e-01,6.194090012305058401e+00
3.770000000000000018e+00,1.001552745738433670e+00,-9.095581701692398435e-02,4.421946204663986801e-01,6.241317229551085255e+00
3.780000000000000249e+00,1.004030981942539036e+00,-2.836612707728802807e-02,5.300457581260770157e-02,6.264496618882452239e+00
3.790000000000000036e+00,1.002605266860267630e+00,3.433409374165176386e-02,-3.378340764325646894e-01,6.263359097789031438e+00
3.800000000000000266e+00,9.972666995240662136e-01,9.690055700228558666e-02,-7.287942269529659178e-01,6.237729064228407339e+00
3.810000000000000053e+00,9.880217811237921310e-01,1.590876958254025253e-01,-1.118325662282656507e+00,6.187527926266377598e+00
3.820000000000000284e+00,9.748926157390168656e-01,2.206496518930323170e-01,-1.504861337874779270e+00,6.112777280331631147e+00
3.830000000000000071e+00,9.579170460993000624e-01,2.813412923251196185e-01,-1.886824087153926355e+00,6.013601678471504286e+00
3.839999999999999858e+00,9.371487201197052919e-01,3.409192520191869358e-01,-2.262633741062999526e+00,5.890230924838963489e+00
3.850000000000000089e+00,9.126570842547766516e-01,3.991429964462419044e-01,-2.630714624309553162e+00,5.743001842578870253e+00
3.859999999999999876e+00,8.845273000944652297e-01,4.557758993154159000e-01,-2.989503386043796951e+00,5.572359454407081358e+00
3.870000000000000107e+00,8.528600810909163776e-01,5.105863289664771543e-01,-3.337457114237158962e+00,5.378857523559902987e+00
3.879999999999999893e+00,8.177714468545730364e-01,5.633487368363243597e-01,-3.673061674772382990e+00,5.163158406477463380e+00
3.890000000000000124e+00,7.793923930886318407e-01,6.138447408859996068e-01,-3.994840208414340843e+00,4.926032174584281442e+00
3.899999999999999911e+00,7.378684759372620139e-01,6.618641964817751910e-01,-4.301361711625490969e+00,4.668354969818910405e+00
3.910000000000000142e+00,6.933593102976641775e-01,7.072062469101323412e-01,-4.591249620844426893e+00,4.391106567077953216e+00
3.919999999999999929e+00,6.460379824792996661e-01,7.496803454837911440e-01,-4.863190314578939244e+00,4.095367126372603472e+00
3.930000000000000160e+00,5.960903784735885891e-01,7.891072410749258026e-01,-5.115941443682272549e+00,3.782313128101039368e+00
3.939999999999999947e+00,5.437144300102305650e-01,8.253199189011912740e-01,-5.348339997667507895e+00,3.453212496230365858e+00
3.950000000000000178e+00,4.891192815064865362e-01,8.581644884970099918e-01,-5.559310014025085067e+00,3.109418926132911931e+00
3.959999999999999964e+00,4.325243819463427952e-01,8.875010110311123412e-01,-5.747869838359948247e+00,2.752365446077447597e+00
3.970000000000000195e+00,3.741585066395593517e-01,9.132042584832781307e-01,-5.913138845830459012e+00,2.383557253654962071e+00
3.979999999999999982e+00,3.142587146877937609e-01,9.351643976673582603e-01,-6.054343538874087827e+00,2.004563880423236633e+00
3.990000000000000213e+00,2.530692488079345770e-01,9.532875926796926525e-01,-6.170822942513895626e+00,1.617010749479957710e+00
4.000000000000000000e+00,1.908403849137064734e-01,9.674965200546558064e-01,-6.262033226568593847e+00,1.222570201219787656e+00
4.009999999999999787e+00,1.278272395189018751e-01,9.777307917119739678e-01,-6.327551493696020657e+00,8.229520719108961435e-01
4.020000000000000462e+00,6.428854358431149163e-02,9.839472816706209546e-01,-6.367078683191879307e+00,4.198939176809926566e-01
4.030000000000000249e+00,4.853918728194989152e-04,9.861203534660379910e-01,-6.380441552602607480e+00,1.515098280815585507e-02
4.040000000000000036e+00,-6.332002280694007390e-02,9.842419862236161388e-01,-6.367593712214215884e+00,-3.895139843109888256e-01
4.049999999999999822e+00,-1.268656809056683543e-01,9.783217983927773309e-01,-6.328615701039179697e+00,-7.923409616201495531e-01
4.060000000000000497e+00,-1.898910033798214547e-01,9.683869692125587347e-01,-6.263714106713318408e+00,-1.191582823893612364e+00
4.070000000000000284e+00,-2.521381053654559445e-01,9.544820590409127670e-01,-6.173219745399249447e+00,-1.585515348393379931e+00
4.080000000000000071e+00,-3.133530269945599134e-01,9.366687307157899323e-01,-6.057584931042468313e+00,-1.972446954339255321e+00
4.089999999999999858e+00,-3.732869324273843659e-01,9.150253751070872577e-01,-5.917379875826944691e+00,-2.350728080217597604e+00
4.099999999999999645e+00,-4.316972686532318804e-01,8.896466449467276272e-01,-5.753288275143412456e+00,-2.718760110039980749e+00
4.110000000000000320e+00,-4.883488761998824867e-01,8.606429018733745551e-01,-5.566102140566245637e+00,-3.075003768244673807e+00
4.120000000000000107e+00,-5.430150445743646692e-01,8.281395823847830240e-01,-5.356715953029659971e+00,-3.417986912764545249e+00
4.129999999999999893e+00,-5.954785060193271695e-01,7.922764890433703355e-01,-5.126120215446924533e+00,-3.746311666589873912e+00
4.139999999999999680e+00,-6.455323619927730849e-01,7.532070138209631116e-01,-4.875394489326671632e+00,-4.058660839641867746e+00
4.150000000000000355e+00,-6.929809376465945192e-01,7.110973008915026927e-01,-4.605700003462213310e+00,-4.353803604644718384e+00
4.160000000000000142e+00,-7.376405604732084731e-01,6.661253564834250795e-01,-4.318271924509891058e+00,-4.630600402647362834e+00
4.169999999999999929e+00,-7.793402601919989792e-01,6.184801135870060529e-01,-4.014411379287530224e+00,-4.888007065621607694e+00
4.179999999999999716e+00,-8.179223878413656168e-01,5.683604593794145954e-01,-3.695477317015162910e+00,-5.125078154894274540e+00
4.190000000000000391e+00,-8.532431529123415404e-01,5.159742331872114729e-01,-3.362878296626355734e+00,-5.340969524830406101e+00
4.200000000000000178e+00,-8.851730781919140423e-01,4.615372026603380418e-01,-3.018064279869304478e+00,-5.534940130979941308e+00
4.209999999999999964e+00,-9.135973727661170773e-01,4.052720255927801385e-01,-2.662518505384233070e+00,-5.706353110677373941e+00
4.219999999999999751e+00,-9.384162243544523774e-01,3.474072045039154899e-01,-2.297749512493798552e+00,-5.854676171728172562e+00
4.230000000000000426e+00,-9.595450128001165035e-01,2.881760407028611248e-01,-1.925283376288695170e+00,-5.979481331252415544e+00
4.240000000000000213e+00,-9.769144471188973000e-01,2.278155941082873615e-01,-1.546656207943094552e+00,-6.080444051948455275e+00
4.250000000000000000e+00,-9.904706290095738330e-01,1.665656546006802352e-01,-1.163406966258113240e+00,-6.157341826986264088e+00
4.259999999999999787e+00,-1.000175046148318092e+00,1.046677301552976502e-01,-7.770706183974180892e-01,-6.210052267471704468e+00
4.270000000000000462e+00,-1.006004498928903423e+00,4.236405645399637238e-02,-3.891716798213680217e-01,-6.238550747996777446e+00
4.280000000000000249e+00,-1.007950964571053598e+00,-2.010336788606538472e-02,-1.218155698278877708e-03,-6.242907666286641621e+00
4.290000000000000036e+00,-1.006021402704044831e+00,-8.249371688879264530e-02,3.853041012954497857e-01,-6.223285372468696508e+00
4.299999999999999822e+00,-1.000237506645893060e+00,-1.445682405729619147e-01,7.689366087729354593e-01,-6.179934822131372130e+00
4.310000000000000497e+00,-9.906354046453024198e-01,-2.060911335886211893e-01,1.148253046364496210e+00,-6.113192005226990133e+00
4.320000000000000284e+00,-9.772653153398880299e-01,-2.668303671493813534e-01,1.521863625439671575e+00,-6.023474200123892786e+00
4.330000000000000071e+00,-9.601911616164231500e-01,-3.265584827516762600e-01,1.888419045965891385e+00,-5.911276098847024763e+00
4.339999999999999858e+00,-9.394901469436678365e-01,-3.850533466148944317e-01,2.246614054049704379e+00,-5.777165845878638351e+00
4.350000000000000533e+00,-9.152522980925293927e-01,-4.420988641807110930e-01,2.595190617432107771e+00,-5.621781028930596946e+00
4.360000000000000320e+00,-8.875799779686288637e-01,-4.974856543735749481e-01,2.932940739268291797e+00,-5.445824655947456350e+00
4.370000000000000107e+00,-8.565873720653878198e-01,-5.510116836456881995e-01,3.258708932937167013e+00,-5.250061148345849027e+00
4.379999999999999893e+00,-8.223999518077936832e-01,-6.024828601083805912e-01,3.571394382430061132e+00,-5.035312376220937303e+00
4.389999999999999680e+00,-7.851539178039819156e-01,-6.517135882876783359e-01,3.869952814100726890e+00,-4.802453757024077952e+00
4.400000000000000355e+00,-7.449956257591777709e-01,-6.985272852359082352e-01,4.153398106264948098e+00,-4.552410435095816332e+00
4.410000000000000142e+00,-7.020809975394088909e-01,-7.427568588846914510e-01,4.420803663365063585e+00,-4.286153555472733245e+00
4.419999999999999929e+00,-6.565749196052762526e-01,-7.842451496394204913e-01,4.671303581211323497e+00,-4.004696641613691988e+00
4.429999999999999716e+00,-6.086506307730148446e-01,-8.228453362933813020e-01,4.904093629226394135e+00,-3.709092083139679197e+00
4.440000000000000391e+00,-5.584891010046685311e-01,-8.584213073834066066e-01,5.118432074698317180e+00,-3.400427736372904519e+00
4.450000000000000178e+00,-5.062784026845742469e-01,-8.908479991208555493e-01,5.313640372835075176e+00,-3.079823637409278003e+00
4.459999999999999964e+00,-4.522130756081874092e-01,-9.200117010144202023e-01,5.489103744951694175e+00,-2.748428824672243920e+00
4.469999999999999751e+00,-3.964934866938970570e-01,-9.458103302574550897e-01,5.644271665446081165e+00,-2.407418265378890254e+00
4.480000000000000426e+00,-3.393251852308123429e-01,-9.681536758848992008e-01,5.778658276366183344e+00,-2.057989878101334824e+00
4.490000000000000213e+00,-2.809182542971886964e-01,-9.869636136161057394e-01,5.891842746368309847e+00,-1.701361641624982379e+00
4.500000000000000000e+00,-2.214866588265500535e-01,-1.002174292192647753e+00,5.983469588740537581e+00,-1.338768778586076236e+00
4.509999999999999787e+00,-1.612475906627679201e-01,-1.013732291897035509e+00,6.053248950938367123e+00,-9.714610009087669695e-01
4.520000000000000462e+00,-1.004208108322792448e-01,-1.021596755801795764e+00,6.100956885771298133e+00,-6.006998028513605981e-01
4.530000000000000249e+00,-3.922798917199773333e-02,-1.025739494151025610e+00,6.126435612005090015e+00,-2.277557865075490184e-01
4.540000000000000036e+00,2.210795861412696850e-02,-1.026145062120774387e+00,6.129593769719129170e+00,1.460939961126603848e-01
4.549999999999999822e+00,8.336353643806998504e-02,-1.022810811042850432e+00,6.110406673293765856e+00,5.195687007784868250e-01
4.560000000000000497e+00,1.443153358346889181e-01,-1.015746913011278396e+00,6.068916562409840232e+00,8.913863651081381789e-01
4.570000000000000284e+00,2.047407064684245714e-01,-1.004976358624045885e+00,6.005232848932454459e+00,1.260266615611874919e+00
4.580000000000000071e+00,2.644184290815961846e-01,-9.905349274473842502e-01,5.919532355034047733e+00,1.624933424065707177e+00
4.589999999999999858e+00,3.231293907670710341e-01,-9.724711306280811041e-01,5.812059535399549226e+00,1.984117929083503817e+00
4.600000000000000533e+00,3.806572623639468689e-01,-9.508461249237218915e-01,5.683126673861696787e+00,2.336561338011582833e+00
4.610000000000000320e+00,4.367891776659180714e-01,-9.257335972738903740e-01,5.533114042352525352e+00,2.681017923264175540e+00
4.620000000000000107e+00,4.913164139986118673e-01,-8.972196188998747823e-01,5.362470007645184999e+00,3.016258125941755353e+00
4.629999999999999893e+00,5.440350735649756020e-01,-8.654024677990934666e-01,5.171711069019441886e+00,3.341071778017831839e+00
4.639999999999999680e+00,5.947467647775922517e-01,-8.303924183961073346e-01,4.961421807738961576e+00,3.654271452534383791e+00
4.650000000000000355e+00,6.432592825946901183e-01,-7.923114970276654567e-01,4.732254727107270575e+00,3.954695949103501196e+00
4.660000000000000142e+00,6.893872866539844102e-01,-7.512932018777485066e-01,4.484929959904999208e+00,4.241213919566739321e+00
4.669999999999999929e+00,7.329529757570912851e-01,-7.074821859430834303e-01,4.220234818240914620e+00,4.512727635910695589e+00
4.679999999999999716e+00,7.737867569992246120e-01,-6.610339016031907544e-01,3.939023159315036438e+00,4.768176899477809094e+00
4.690000000000000391e+00,8.117279075668080157e-01,-6.121142053947389305e-01,3.642214539339703627e+00,5.006543087150861382e+00
4.700000000000000178e+00,8.466252269425591503e-01,-5.608989216507889175e-01,3.330793126943429883e+00,5.226853326539889544e+00
4.709999999999999964e+00,8.783376769671112916e-01,-5.075733637642360074e-01,3.005806346845360633e+00,5.428184788280431938e+00
4.719999999999999751e+00,9.067350069124298084e-01,-4.523318119739727639e-01,2.668363224489872731e+00,5.609669079390203095e+00
4.730000000000000426e+00,9.316983604298322286e-01,-3.953769467542720406e-01,2.319632402726732323e+00,5.770496717265140241e+00
4.740000000000000213e+00,9.531208609495477324e-01,-3.369192371144414389e-01,1.960839802566952006e+00,5.909921659373805092e+00
4.750000000000000000e+00,9.709081718352110535e-01,-2.771762833882283616e-01,1.593265901590031897e+00,6.027265859091424538e+00
4.759999999999999787e+00,9.849790273417441400e-01,-2.163721144113729677e-01,1.218242605771743037e+00,6.121923813473454601e+00
4.770000000000000462e+00,9.952657301954304092e-01,-1.547364393509691460e-01,8.371496933828941334e-01,6.193367064187651039e+00
4.780000000000000249e+00,1.001714611417695355e+00,-9.250385486083900766e-02,4.514108132085659086e-01,6.241148608399194053e+00
4.790000000000000036e+00,1.004286447856467701e+00,-2.991300869087978875e-02,6.248902367139247405e-02,6.264907172242332400e+00
4.799999999999999822e+00,1.002956832778418628e+00,3.279427862789223436e-02,-3.281181354865146393e-01,6.264371295730714273e+00
4.810000000000000497e+00,9.977164948191852289e-01,9.537393187150128293e-02,-7.188840415168114006e-01,6.239363174680813806e+00
4.820000000000000284e+00,9.885715605939759953e-01,1.575805762739667382e-01,-1.108258853051939274e+00,6.189802202577144641e+00
4.830000000000000071e+00,9.755437563443045690e-01,2.191685264483721751e-01,-1.494675829545463186e+00,6.115708153423957683e+00
4.839999999999999858e+00,9.586705441438964082e-01,2.798928051884023160e-01,-1.876558087106495742e+00,6.017203945632781270e+00
4.850000000000000533e+00,9.380051884129737561e-01,3.395101876585526757e-01,-2.252325763999790453e+00,5.894517927007910885e+00
4.860000000000000320e+00,9.136167487988312574e-01,3.977802658845420725e-01,-2.620403560718064462e+00,5.747985622019911034e+00
4.870000000000000107e+00,8.855899958740960365e-01,4.544665278759111859e-01,-2.979228611030960483e+00,5.578050884889523608e+00
4.879999999999999893e+00,8.540252465828351847e-01,5.093374451628107646e-01,-3.327258631956507173e+00,5.385266405607285201e+00
4.889999999999999680e+00,8.190381169273319717e-01,5.621675620215473845e-01,-3.662980292385348058e+00,5.170293520925361541e+00
4.900000000000000355e+00,7.807591900314335698e-01,6.127385792117547858e-01,-3.984917732328713047e+00,4.933901288582347888e+00
4.910000000000000142e+00,7.393335984342079836e-01,6.608404246651676806e-01,-4.291641157679736196e+00,4.676964790526790594e+00
4.919999999999999929e+00,6.949205202523338620e-01,7.062723032644337984e-01,-4.581775429197218585e+00,4.400462639618697658e+00
4.929999999999999716e+00,6.476925896910616931e-01,7.488437176418338836e-01,-4.854008559358027775e+00,4.105473674096702830e+00
4.940000000000000391e+00,5.978352232694877921e-01,7.883754518224603824e-01,-5.107100026981128416e+00,3.793172834846632036e+00
4.950000000000000178e+00,5.455458640421052552e-01,8.247005095428493471e-01,-5.339888817281893907e+00,3.464826232000274953e+00
4.959999999999999964e+00,4.910331470293254341e-01,8.576649992006357692e-01,-5.551301094417590676e+00,3.121785419400298967e+00
4.969999999999999751e+00,4.345159899977715234e-01,8.871289576374202790e-01,-5.740357414742531361e+00,2.765480907727113635e+00
4.980000000000000426e+00,3.762226146386455361e-01,9.129671053268226810e-01,-5.906179391967390835e+00,2.397414959311461757e+00
4.990000000000000213e+00,3.163895040609789877e-01,9.350695260308744539e-01,-6.047995730223703070e+00,2.019153719553378412e+00
5.000000000000000000e+00,2.552603033278653122e-01,9.533422645956183272e-01,-6.165147547629674207e+00,1.632318751130201084e+00
