# t [yrs], x [au], y [au], vx [au/yrs], vy [au/yrs]
0.000000000000000000e+00,0.000000000000000000e+00,3.300000000000002931e-02,-4.850930789401861887e+01,0.000000000000000000e+00
1.000000000000000021e-02,-4.850930789401862175e-01,-1.779599522697767000e+00,-4.767625653935350982e+01,-1.813166232384988348e+02
2.000000000000000042e-02,-9.617030642415044239e-01,-3.592206003828675165e+00,-4.765730825408066096e+01,-1.812468640307272096e+02
2.999999999999999889e-02,-1.438239232603807594e+00,-5.404536760272852902e+00,-4.765199394399549249e+01,-1.812269772296375265e+02
4.000000000000000083e-02,-1.914742942295317718e+00,-7.216745545307796661e+00,-4.764946295428160994e+01,-1.812174561578872272e+02
5.000000000000000278e-02,-2.391228491536155243e+00,-9.028885882851993117e+00,-4.764797565100332122e+01,-1.812118465144627635e+02
5.999999999999999778e-02,-2.867702455271500916e+00,-1.084098247543120763e+01,-4.764699495549704977e+01,-1.812081417483585426e+02
7.000000000000000666e-02,-3.344168390629906007e+00,-1.265304871775792250e+01,-4.764629906313265195e+01,-1.812055100610510010e+02
8.000000000000000167e-02,-3.820628436527092830e+00,-1.446509267662550080e+01,-4.764577938957783942e+01,-1.812035432676244113e+02
8.999999999999999667e-02,-4.297083978417994388e+00,-1.627711958309727436e+01,-4.764537640970470278e+01,-1.812020172285684225e+02
1.000000000000000056e-01,-4.773535964719324731e+00,-1.808913302118981292e+01,-4.764505472997832669e+01,-1.812007985050895513e+02
1.100000000000000006e-01,-5.249985073016489423e+00,-1.990113555319500449e+01,-4.764479197219451123e+01,-1.811998026469227341e+02
1.199999999999999956e-01,-5.726431804162563921e+00,-2.171312907412579918e+01,-4.764457328894155097e+01,-1.811989735803087740e+02
1.300000000000000044e-01,-6.202876538794906303e+00,-2.352511502479961081e+01,-4.764438843897856657e+01,-1.811982726032174753e+02
1.400000000000000133e-01,-6.679319572941861516e+00,-2.533709452618911229e+01,-4.764423012826873816e+01,-1.811976721368119456e+02
1.499999999999999944e-01,-7.155761141360094335e+00,-2.714906846753514102e+01,-4.764409302027436866e+01,-1.811971519946590377e+02
1.600000000000000033e-01,-7.632201433347217900e+00,-2.896103756608179580e+01,-4.764397312019850261e+01,-1.811966970599743831e+02
1.700000000000000122e-01,-8.108640603763971555e+00,-3.077300240873427128e+01,-4.764386737802004745e+01,-1.811962957873194853e+02
1.799999999999999933e-01,-8.585078780907551277e+00,-3.258496348182791991e+01,-4.764377342465390086e+01,-1.811959392062614143e+02
1.900000000000000022e-01,-9.061516072256997845e+00,-3.439692119285930261e+01,-4.764368939188710073e+01,-1.811956202410958667e+02
2.000000000000000111e-01,-9.537952568745254212e+00,-3.620887588664969314e+01,-4.764361378660483126e+01,-1.811953332354911197e+02
2.099999999999999922e-01,-1.001438834798906541e+01,-3.802082785756901728e+01,-4.764354540111690994e+01,-1.811950736134543547e+02
2.200000000000000011e-01,-1.049082347676757010e+01,-3.983277735891869753e+01,-4.764348324804405621e+01,-1.811948376330767871e+02
2.300000000000000100e-01,-1.096725801294992841e+01,-4.164472461023048311e+01,-4.764342651225684477e+01,-1.811946222047198489e+02
2.399999999999999911e-01,-1.144369200701269129e+01,-4.345666980301303539e+01,-4.764337451487351416e+01,-1.811944247547856719e+02
2.500000000000000000e-01,-1.192012550324738562e+01,-4.526861310532615335e+01,-4.764332668592758324e+01,-1.811942431222697678e+02
2.600000000000000089e-01,-1.239655854073123287e+01,-4.708055466545839352e+01,-4.764328254336291479e+01,-1.811940754792451287e+02
2.700000000000000178e-01,-1.287299115411463646e+01,-4.889249461491102267e+01,-4.764324167671038879e+01,-1.811939202690571733e+02
2.800000000000000266e-01,-1.334942337426543446e+01,-5.070443307083951368e+01,-4.764320373427223387e+01,-1.811937761577911488e+02
2.899999999999999800e-01,-1.382585522880007645e+01,-5.251637013806682575e+01,-4.764316841296483318e+01,-1.811936419958009310e+02
2.999999999999999889e-01,-1.430228674252472665e+01,-5.432830591075551752e+01,-4.764313545019804508e+01,-1.811935167869466454e+02
3.099999999999999978e-01,-1.477871793780403387e+01,-5.614024047380574700e+01,-4.764310461732999613e+01,-1.811933996637968107e+02
3.200000000000000067e-01,-1.525514883487132423e+01,-5.795217390403144009e+01,-4.764307571435182354e+01,-1.811932898674880335e+02
3.300000000000000155e-01,-1.573157945209106678e+01,-5.976410627115549801e+01,-4.764304856554089440e+01,-1.811931867312521831e+02
3.400000000000000244e-01,-1.620800980618214027e+01,-6.157603763865648006e+01,-4.764302301588268307e+01,-1.811930896668550872e+02
3.500000000000000333e-01,-1.668443991240872037e+01,-6.338796806449259691e+01,-4.764299892810721104e+01,-1.811929981533632201e+02
3.599999999999999867e-01,-1.716086978474428193e+01,-6.519989760172373394e+01,-4.764297618022033731e+01,-1.811929117277852015e+02
3.699999999999999956e-01,-1.763729943601312300e+01,-6.701182629904829469e+01,-4.764295466343609320e+01,-1.811928299772328046e+02
3.800000000000000044e-01,-1.811372887801300280e+01,-6.882375420126838605e+01,-4.764293428043603740e+01,-1.811927525323212649e+02
3.900000000000000133e-01,-1.859015812162184389e+01,-7.063568134969470691e+01,-4.764291494389685511e+01,-1.811926790615860625e+02
4.000000000000000222e-01,-1.906658717689093763e+01,-7.244760778250009992e+01,-4.764289657523915622e+01,-1.811926092667382306e+02
4.100000000000000311e-01,-1.954301605312662460e+01,-7.425953353502947607e+01,-4.764287910355964328e+01,-1.811925428786146028e+02
4.199999999999999845e-01,-2.001944475896213049e+01,-7.607145864007239311e+01,-4.764286246471608166e+01,-1.811924796537073519e+02
4.299999999999999933e-01,-2.049587330242094652e+01,-7.788338312810361685e+01,-4.764284660054008924e+01,-1.811924193711781186e+02
4.400000000000000022e-01,-2.097230169097293029e+01,-7.969530702749595719e+01,-4.764283145815743126e+01,-1.811923618302797934e+02
4.500000000000000111e-01,-2.144872993158409358e+01,-8.150723036470921556e+01,-4.764281698939909404e+01,-1.811923068481223140e+02
4.600000000000000200e-01,-2.192515803076091174e+01,-8.331915316445839892e+01,-4.764280315028921819e+01,-1.811922542577301556e+02
4.700000000000000289e-01,-2.240158599458987609e+01,-8.513107544986381470e+01,-4.764278990059851537e+01,-1.811922039063479986e+02
4.799999999999999822e-01,-2.287801382877287892e+01,-8.694299724258536344e+01,-4.764277720345357636e+01,-1.811921556539584230e+02
4.899999999999999911e-01,-2.335444153865894634e+01,-8.875491856294298998e+01,-4.764276502499405552e+01,-1.811921093719811608e+02
5.000000000000000000e-01,-2.383086912927275947e+01,-9.056683943002498438e+01,-4.764275333407106672e+01,-1.811920649421286100e+02
5.100000000000000089e-01,-2.430729660534036540e+01,-9.237875986178555365e+01,-4.764274210198106374e+01,-1.811920222553960684e+02
5.200000000000000178e-01,-2.478372397131238003e+01,-9.419067987513290063e+01,-4.764273130223049435e+01,-1.811919812111686099e+02
5.300000000000000266e-01,-2.526015123138497742e+01,-9.600259948600891846e+01,-4.764272091032710676e+01,-1.811919417164290849e+02
5.400000000000000355e-01,-2.573657838951892529e+01,-9.781451870946148119e+01,-4.764271090359446248e+01,-1.811919036850542000e+02
5.500000000000000444e-01,-2.621300544945686894e+01,-9.962643755971001269e+01,-4.764270126100672087e+01,-1.811918670371874214e+02
5.600000000000000533e-01,-2.668943241473905914e+01,-1.014383560502052291e+02,-4.764269196304113052e+01,-1.811918316986791808e+02
5.700000000000000622e-01,-2.716585928871769084e+01,-1.032502741936835946e+02,-4.764268299154606723e+01,-1.811917976005858861e+02
5.799999999999999600e-01,-2.764228607456998077e+01,-1.050621920022169462e+02,-4.764267432962272864e+01,-1.811917646787210003e+02
5.899999999999999689e-01,-2.811871277531014357e+01,-1.068741094872580106e+02,-4.764266596151887967e+01,-1.811917328732516523e+02
5.999999999999999778e-01,-2.859513939380035552e+01,-1.086860266596819855e+02,-4.764265787253323481e+01,-1.811917021283356064e+02
6.099999999999999867e-01,-2.907156593276080869e+01,-1.104979435298247239e+02,-4.764265004892921951e+01,-1.811916723917940431e+02
6.199999999999999956e-01,-2.954799239477894091e+01,-1.123098601075178635e+02,-4.764264247785715156e+01,-1.811916436148160017e+02
6.300000000000000044e-01,-3.002441878231795158e+01,-1.141217764021210428e+02,-4.764263514728376236e+01,-1.811916157516908754e+02
6.400000000000000133e-01,-3.050084509772461772e+01,-1.159336924225516725e+02,-4.764262804592838307e+01,-1.811915887595662014e+02
6.500000000000000222e-01,-3.097727134323652010e+01,-1.177456081773123628e+02,-4.764262116320502116e+01,-1.811915625982276197e+02
6.600000000000000311e-01,-3.145369752098871885e+01,-1.195575236745162329e+02,-4.764261448916968078e+01,-1.811915372298989837e+02
6.700000000000000400e-01,-3.193012363301991385e+01,-1.213694389219103442e+02,-4.764260801447242244e+01,-1.811915126190602621e+02
6.800000000000000488e-01,-3.240654968127816460e+01,-1.231813539268974296e+02,-4.764260173031365753e+01,-1.811914887322816412e+02
6.900000000000000577e-01,-3.288297566762618374e+01,-1.249932686965559725e+02,-4.764259562840423712e+01,-1.811914655380719807e+02
7.000000000000000666e-01,-3.335940159384625048e+01,-1.268051832376588663e+02,-4.764258970092897272e+01,-1.811914430067402577e+02
7.099999999999999645e-01,-3.383582746164476873e+01,-1.286170975566907657e+02,-4.764258394051322654e+01,-1.811914211102688057e+02
7.199999999999999734e-01,-3.431225327265651970e+01,-1.304290116598642442e+02,-4.764257834019230842e+01,-1.811913998221969848e+02
7.299999999999999822e-01,-3.478867902844861959e+01,-1.322409255531347299e+02,-4.764257289338337387e+01,-1.811913791175145718e+02
7.399999999999999911e-01,-3.526510473052419314e+01,-1.340528392422145600e+02,-4.764256759385962425e+01,-1.811913589725636484e+02
7.500000000000000000e-01,-3.574153038032581264e+01,-1.358647527325860267e+02,-4.764256243572653204e+01,-1.811913393649485329e+02
7.600000000000000089e-01,-3.621795597923872378e+01,-1.376766660295135409e+02,-4.764255741339998451e+01,-1.811913202734525612e+02
7.700000000000000178e-01,-3.669438152859381574e+01,-1.394885791380550870e+02,-4.764255252158610432e+01,-1.811913016779616328e+02
7.800000000000000266e-01,-3.717080702967044914e+01,-1.413004920630727952e+02,-4.764254775526264751e+01,-1.811912835593934119e+02
7.900000000000000355e-01,-3.764723248369907083e+01,-1.431124048092429746e+02,-4.764254310966179418e+01,-1.811912658996320431e+02
8.000000000000000444e-01,-3.812365789186368659e+01,-1.449243173810654355e+02,-4.764253858025423227e+01,-1.811912486814677834e+02
8.100000000000000533e-01,-3.860008325530415618e+01,-1.467362297828723285e+02,-4.764253416273444230e+01,-1.811912318885409263e+02
8.200000000000000622e-01,-3.907650857511837472e+01,-1.485481420188362733e+02,-4.764252985300702647e+01,-1.811912155052900744e+02
8.300000000000000711e-01,-3.955293385236429771e+01,-1.503600540929781459e+02,-4.764252564717405392e+01,-1.811911995169039642e+02
8.399999999999999689e-01,-4.002935908806185950e+01,-1.521719660091743549e+02,-4.764252154152330831e+01,-1.811911839092768162e+02
8.499999999999999778e-01,-4.050578428319476387e+01,-1.539838777711636908e+02,-4.764251753251734556e+01,-1.811911686689668386e+02
8.599999999999999867e-01,-4.098220943871220356e+01,-1.557957893825536928e+02,-4.764251361678332586e+01,-1.811911537831576027e+02
8.699999999999999956e-01,-4.145863455553043053e+01,-1.576077008468268446e+02,-4.764250979110355644e+01,-1.811911392396220890e+02
8.800000000000000044e-01,-4.193505963453427654e+01,-1.594196121673461448e+02,-4.764250605240668079e+01,-1.811911250266892068e+02
8.900000000000000133e-01,-4.241148467657856713e+01,-1.612315233473606213e+02,-4.764250239775942930e+01,-1.811911111332125301e+02
9.000000000000000222e-01,-4.288790968248946456e+01,-1.630434343900103897e+02,-4.764249882435896666e+01,-1.811910975485411655e+02
9.100000000000000311e-01,-4.336433465306574675e+01,-1.648553452983314571e+02,-4.764249532952570831e+01,-1.811910842624924669e+02
9.200000000000000400e-01,-4.384075958907997972e+01,-1.666672560752602408e+02,-4.764249191069663425e+01,-1.811910712653266557e+02
9.300000000000000488e-01,-4.431718449127967574e+01,-1.684791667236379737e+02,-4.764248856541899357e+01,-1.811910585477229461e+02
9.400000000000000577e-01,-4.479360936038835916e+01,-1.702910772462146838e+02,-4.764248529134445675e+01,-1.811910461007572621e+02
9.500000000000000666e-01,-4.527003419710656829e+01,-1.721029876456531156e+02,-4.764248208622362313e+01,-1.811910339158814054e+02
9.599999999999999645e-01,-4.574645900211283589e+01,-1.739148979245323119e+02,-4.764247894790084104e+01,-1.811910219849033865e+02
9.699999999999999734e-01,-4.622288377606458454e+01,-1.757268080853511663e+02,-4.764247587430939745e+01,-1.811910102999691503e+02
9.799999999999999822e-01,-4.669930851959902185e+01,-1.775387181305316915e+02,-4.764247286346696342e+01,-1.811909988535452385e+02
9.899999999999999911e-01,-4.717573323333392210e+01,-1.793506280624220892e+02,-4.764246991347133786e+01,-1.811909876384026461e+02
1.000000000000000000e+00,-4.765215791786844335e+01,-1.811625378832997626e+02,-4.764246702249644017e+01,-1.811909766476016159e+02
1.010000000000000009e+00,-4.812858257378385218e+01,-1.829744475953741301e+02,-4.764246418878853717e+01,-1.811909658744772855e+02
1.020000000000000018e+00,-4.860500720164422006e+01,-1.847863572007892969e+02,-4.764246141066269047e+01,-1.811909553126261869e+02
1.030000000000000027e+00,-4.908143180199710542e+01,-1.865982667016266419e+02,-4.764245868649942395e+01,-1.811909449558935989e+02
1.040000000000000036e+00,-4.955785637537420740e+01,-1.884101760999071757e+02,-4.764245601474156899e+01,-1.811909347983615817e+02
1.050000000000000044e+00,-5.003428092229194135e+01,-1.902220853975938724e+02,-4.764245339389130862e+01,-1.811909248343376646e+02
1.060000000000000053e+00,-5.051070544325203571e+01,-1.920339945965939137e+02,-4.764245082250735663e+01,-1.811909150583442454e+02
1.070000000000000062e+00,-5.098712993874208621e+01,-1.938459036987607362e+02,-4.764244829920233570e+01,-1.811909054651085000e+02
1.080000000000000071e+00,-5.146355440923608171e+01,-1.956578127058960774e+02,-4.764244582264026917e+01,-1.811908960495529470e+02
1.090000000000000080e+00,-5.193997885519489444e+01,-1.974697216197517946e+02,-4.764244339153421492e+01,-1.811908868067864944e+02
1.100000000000000089e+00,-5.241640327706677027e+01,-1.992816304420317977e+02,-4.764244100464405562e+01,-1.811908777320959132e+02
1.110000000000000098e+00,-5.289282767528777640e+01,-2.010935391743936975e+02,-4.764243866077437417e+01,-1.811908688209378511e+02
1.120000000000000107e+00,-5.336925205028225605e+01,-2.029054478184505399e+02,-4.764243635877246419e+01,-1.811908600689312721e+02
1.130000000000000115e+00,-5.384567640246322640e+01,-2.047173563757723116e+02,-4.764243409752643288e+01,-1.811908514718502090e+02
1.140000000000000124e+00,-5.432210073223278357e+01,-2.065292648478875321e+02,-4.764243187596341045e+01,-1.811908430256170277e+02
1.150000000000000133e+00,-5.479852503998249347e+01,-2.083411732362846465e+02,-4.764242969304787323e+01,-1.811908347262959467e+02
1.159999999999999920e+00,-5.527494932609373990e+01,-2.101530815424134460e+02,-4.764242754777999522e+01,-1.811908265700869265e+02
1.169999999999999929e+00,-5.575137359093809408e+01,-2.119649897676863759e+02,-4.764242543919415596e+01,-1.811908185533198434e+02
1.179999999999999938e+00,-5.622779783487762728e+01,-2.137768979134798428e+02,-4.764242336635748387e+01,-1.811908106724490324e+02
1.189999999999999947e+00,-5.670422205826524475e+01,-2.155888059811353514e+02,-4.764242132836845656e+01,-1.811908029240480005e+02
1.199999999999999956e+00,-5.718064626144499840e+01,-2.174007139719607835e+02,-4.764241932435562887e+01,-1.811907953048045385e+02
1.209999999999999964e+00,-5.765707044475235676e+01,-2.192126218872314212e+02,-4.764241735347636109e+01,-1.811907878115159178e+02
1.219999999999999973e+00,-5.813349460851452477e+01,-2.210245297281910837e+02,-4.764241541491566068e+01,-1.811907804410844278e+02
1.229999999999999982e+00,-5.860991875305067111e+01,-2.228364374960530938e+02,-4.764241350788503837e+01,-1.811907731905131129e+02
1.239999999999999991e+00,-5.908634287867222668e+01,-2.246483451920013295e+02,-4.764241163162144943e+01,-1.811907660569017082e+02
1.250000000000000000e+00,-5.956276698568310479e+01,-2.264602528171911331e+02,-4.764240978538627047e+01,-1.811907590374428025e+02
1.260000000000000009e+00,-6.003919107437995706e+01,-2.282721603727501929e+02,-4.764240796846434023e+01,-1.811907521294180867e+02
1.270000000000000018e+00,-6.051561514505239359e+01,-2.300840678597794806e+02,-4.764240618016302165e+01,-1.811907453301948863e+02
1.280000000000000027e+00,-6.099203919798321749e+01,-2.318959752793540758e+02,-4.764240441981134211e+01,-1.811907386372228359e+02
1.290000000000000036e+00,-6.146846323344862384e+01,-2.337078826325239334e+02,-4.764240268675911949e+01,-1.811907320480306112e+02
1.300000000000000044e+00,-6.194488725171840571e+01,-2.355197899203146790e+02,-4.764240098037620186e+01,-1.811907255602230009e+02
1.310000000000000053e+00,-6.242131125305615313e+01,-2.373316971437283769e+02,-4.764239930005167878e+01,-1.811907191714778946e+02
1.320000000000000062e+00,-6.289773523771944497e+01,-2.391436043037442403e+02,-4.764239764519314946e+01,-1.811907128795435824e+02
1.330000000000000071e+00,-6.337415920596001939e+01,-2.409555114013192565e+02,-4.764239601522604062e+01,-1.811907066822360832e+02
1.340000000000000080e+00,-6.385058315802396578e+01,-2.427674184373889545e+02,-4.764239440959293859e+01,-1.811907005774366155e+02
1.350000000000000089e+00,-6.432700709415188101e+01,-2.445793254128679735e+02,-4.764239282775294271e+01,-1.811906945630891812e+02
1.360000000000000098e+00,-6.480343101457903288e+01,-2.463912323286507160e+02,-4.764239126918107559e+01,-1.811906886371982637e+02
1.370000000000000107e+00,-6.527985491953550934e+01,-2.482031391856119171e+02,-4.764238973336767913e+01,-1.811906827978266108e+02
1.380000000000000115e+00,-6.575627880924638191e+01,-2.500150459846072408e+02,-4.764238821981788163e+01,-1.811906770430931317e+02
1.390000000000000124e+00,-6.623270268393186200e+01,-2.518269527264737917e+02,-4.764238672805105068e+01,-1.811906713711708790e+02
1.400000000000000133e+00,-6.670912654380740037e+01,-2.536388594120306550e+02,-4.764238525760028864e+01,-1.811906657802851157e+02
1.409999999999999920e+00,-6.718555038908385768e+01,-2.554507660420794934e+02,-4.764238380801195660e+01,-1.811906602687114685e+02
1.419999999999999929e+00,-6.766197421996763239e+01,-2.572626726174049168e+02,-4.764238237884518412e+01,-1.811906548347741079e+02
1.429999999999999938e+00,-6.813839803666076023e+01,-2.590745791387749932e+02,-4.764238096967144998e+01,-1.811906494768441007e+02
1.439999999999999947e+00,-6.861482183936105628e+01,-2.608864856069417897e+02,-4.764237958007412033e+01,-1.811906441933377891e+02
1.449999999999999956e+00,-6.909124562826224292e+01,-2.626983920226417695e+02,-4.764237820964807923e+01,-1.811906389827151997e+02
1.459999999999999964e+00,-6.956766940355402085e+01,-2.645102983865961050e+02,-4.764237685799929523e+01,-1.811906338434785368e+02
1.469999999999999973e+00,-7.004409316542222541e+01,-2.663222046995113033e+02,-4.764237552474447313e+01,-1.811906287741707899e+02
1.479999999999999982e+00,-7.052051691404891187e+01,-2.681341109620794896e+02,-4.764237420951067037e+01,-1.811906237733743126e+02
1.489999999999999991e+00,-7.099694064961244067e+01,-2.699460171749788060e+02,-4.764237291193497015e+01,-1.811906188397095434e+02
1.500000000000000000e+00,-7.147336437228760531e+01,-2.717579233388736952e+02,-4.764237163166411904e+01,-1.811906139718336988e+02
1.510000000000000009e+00,-7.194978808224571765e+01,-2.735698294544154692e+02,-4.764237036835424277e+01,-1.811906091684395506e+02
1.520000000000000018e+00,-7.242621177965469315e+01,-2.753817355222424794e+02,-4.764236912167050519e+01,-1.811906044282542894e+02
1.530000000000000027e+00,-7.290263546467913613e+01,-2.771936415429805720e+02,-4.764236789128682403e+01,-1.811905997500384160e+02
1.540000000000000036e+00,-7.337905913748043929e+01,-2.790055475172432580e+02,-4.764236667688560090e+01,-1.811905951325846047e+02
1.550000000000000044e+00,-7.385548279821685469e+01,-2.808174534456322249e+02,-4.764236547815742995e+01,-1.811905905747166798e+02
1.560000000000000053e+00,-7.433190644704359329e+01,-2.826293593287375643e+02,-4.764236429480083501e+01,-1.811905860752886213e+02
1.570000000000000062e+00,-7.480833008411288176e+01,-2.844412651671379990e+02,-4.764236312652203509e+01,-1.811905816331836547e+02
1.580000000000000071e+00,-7.528475370957403356e+01,-2.862531709614012243e+02,-4.764236197303467435e+01,-1.811905772473132572e+02
1.590000000000000080e+00,-7.576117732357356260e+01,-2.880650767120842488e+02,-4.764236083405960898e+01,-1.811905729166162757e+02
1.600000000000000089e+00,-7.623760092625522589e+01,-2.898769824197335652e+02,-4.764235970932467268e+01,-1.811905686400581033e+02
1.610000000000000098e+00,-7.671402451776006615e+01,-2.916888880848854342e+02,-4.764235859856447064e+01,-1.811905644166298259e+02
1.620000000000000107e+00,-7.719044809822652553e+01,-2.935007937080661691e+02,-4.764235750152015214e+01,-1.811905602453474842e+02
1.630000000000000115e+00,-7.766687166779047402e+01,-2.953126992897923628e+02,-4.764235641793922582e+01,-1.811905561252512200e+02
1.640000000000000124e+00,-7.814329522658530891e+01,-2.971246048305711724e+02,-4.764235534757536072e+01,-1.811905520554046234e+02
1.650000000000000133e+00,-7.861971877474198322e+01,-2.989365103309004326e+02,-4.764235429018819445e+01,-1.811905480348939648e+02
1.660000000000000142e+00,-7.909614231238907678e+01,-3.007484157912690534e+02,-4.764235324554316264e+01,-1.811905440628275699e+02
1.669999999999999929e+00,-7.957256583965285301e+01,-3.025603212121570209e+02,-4.764235221341132132e+01,-1.811905401383350522e+02
1.679999999999999938e+00,-8.004898935665730164e+01,-3.043722265940357943e+02,-4.764235119356916925e+01,-1.811905362605668302e+02
1.689999999999999947e+00,-8.052541286352422389e+01,-3.061841319373683632e+02,-4.764235018579849879e+01,-1.811905324286933876e+02
1.699999999999999956e+00,-8.100183636037326096e+01,-3.079960372426096455e+02,-4.764234918988624656e+01,-1.811905286419047627e+02
1.709999999999999964e+00,-8.147825984732195082e+01,-3.098079425102064874e+02,-4.764234820562433015e+01,-1.811905248994098940e+02
1.719999999999999973e+00,-8.195468332448575666e+01,-3.116198477405978906e+02,-4.764234723280950590e+01,-1.811905212004361658e+02
1.729999999999999982e+00,-8.243110679197813795e+01,-3.134317529342152397e+02,-4.764234627124322685e+01,-1.811905175442287828e+02
1.739999999999999991e+00,-8.290753024991062148e+01,-3.152436580914824731e+02,-4.764234532073151485e+01,-1.811905139300503436e+02
1.750000000000000000e+00,-8.338395369839277294e+01,-3.170555632128162529e+02,-4.764234438108482550e+01,-1.811905103571802726e+02
1.760000000000000009e+00,-8.386037713753231060e+01,-3.188674682986260791e+02,-4.764234345211792743e+01,-1.811905068249143937e+02
1.770000000000000018e+00,-8.433680056743511955e+01,-3.206793733493145169e+02,-4.764234253364977434e+01,-1.811905033325644467e+02
1.780000000000000027e+00,-8.481322398820529429e+01,-3.224912783652773669e+02,-4.764234162550338425e+01,-1.811904998794576045e+02
1.790000000000000036e+00,-8.528964739994518141e+01,-3.243031833469036656e+02,-4.764234072750573290e+01,-1.811904964649361318e+02
1.800000000000000044e+00,-8.576607080275540795e+01,-3.261150882945760827e+02,-4.764233983948764006e+01,-1.811904930883568738e+02
1.810000000000000053e+00,-8.624249419673493833e+01,-3.279269932086708081e+02,-4.764233896128367007e+01,-1.811904897490909150e+02
1.820000000000000062e+00,-8.671891758198108846e+01,-3.297388980895578925e+02,-4.764233809273202525e+01,-1.811904864465231242e+02
1.830000000000000071e+00,-8.719534095858958267e+01,-3.315508029376012473e+02,-4.764233723367443929e+01,-1.811904831800518423e+02
1.840000000000000080e+00,-8.767176432665458208e+01,-3.333627077531589293e+02,-4.764233638395609205e+01,-1.811904799490884841e+02
1.850000000000000089e+00,-8.814818768626871304e+01,-3.351746125365830267e+02,-4.764233554342550292e+01,-1.811904767530572258e+02
1.860000000000000098e+00,-8.862461103752309555e+01,-3.369865172882200568e+02,-4.764233471193445979e+01,-1.811904735913945785e+02
1.870000000000000107e+00,-8.910103438050740010e+01,-3.387984220084109097e+02,-4.764233388933791957e+01,-1.811904704635491328e+02
1.880000000000000115e+00,-8.957745771530984769e+01,-3.406103266974910184e+02,-4.764233307549391583e+01,-1.811904673689811887e+02
1.890000000000000124e+00,-9.005388104201726662e+01,-3.424222313557905295e+02,-4.764233227026350193e+01,-1.811904643071625003e+02
1.900000000000000133e+00,-9.053030436071510678e+01,-3.442341359836343031e+02,-4.764233147351064446e+01,-1.811904612775759347e+02
1.910000000000000142e+00,-9.100672767148746800e+01,-3.460460405813420834e+02,-4.764233068510216640e+01,-1.811904582797151875e+02
1.919999999999999929e+00,-9.148315097441714272e+01,-3.478579451492286125e+02,-4.764232990490766895e+01,-1.811904553130845272e+02
1.929999999999999938e+00,-9.195957426958561598e+01,-3.496698496876037439e+02,-4.764232913279944626e+01,-1.811904523771984259e+02
1.939999999999999947e+00,-9.243599755707312227e+01,-3.514817541967725560e+02,-4.764232836865242859e+01,-1.811904494715814451e+02
1.949999999999999956e+00,-9.291242083695865972e+01,-3.532936586770353529e+02,-4.764232761234411839e+01,-1.811904465957678667e+02
1.959999999999999964e+00,-9.338884410932000435e+01,-3.551055631286878906e+02,-4.764232686375451920e+01,-1.811904437493014655e+02
1.969999999999999973e+00,-9.386526737423375266e+01,-3.569174675520213782e+02,-4.764232612276605749e+01,-1.811904409317353100e+02
1.979999999999999982e+00,-9.434169063177532166e+01,-3.587293719473225906e+02,-4.764232538926355431e+01,-1.811904381426314785e+02
1.989999999999999991e+00,-9.481811388201901991e+01,-3.605412763148739828e+02,-4.764232466313413283e+01,-1.811904353815608602e+02
2.000000000000000000e+00,-9.529453712503800489e+01,-3.623531806549538032e+02,-4.764232394426717576e+01,-1.811904326481029273e+02
2.010000000000000231e+00,-9.577096036090435405e+01,-3.641650849678360373e+02,-4.764232323255427559e+01,-1.811904299418455082e+02
2.020000000000000018e+00,-9.624738358968907903e+01,-3.659769892537906912e+02,-4.764232252788916355e+01,-1.811904272623846168e+02
2.030000000000000249e+00,-9.672380681146213988e+01,-3.677888935130837353e+02,-4.764232183016766697e+01,-1.811904246093241966e+02
2.040000000000000036e+00,-9.720023002629244502e+01,-3.696007977459771610e+02,-4.764232113928765955e+01,-1.811904219822760069e+02
2.049999999999999822e+00,-9.767665323424789392e+01,-3.714127019527292077e+02,-4.764232045514900449e+01,-1.811904193808593106e+02
2.060000000000000053e+00,-9.815307643539541971e+01,-3.732246061335943068e+02,-4.764231977765351189e+01,-1.811904168047008454e+02
2.069999999999999840e+00,-9.862949962980096075e+01,-3.750365102888231945e+02,-4.764231910670488901e+01,-1.811904142534345112e+02
2.080000000000000071e+00,-9.910592281752951749e+01,-3.768484144186629692e+02,-4.764231844220869760e+01,-1.811904117267012566e+02
2.089999999999999858e+00,-9.958234599864513825e+01,-3.786603185233572049e+02,-4.764231778407229712e+01,-1.811904092241489082e+02
2.100000000000000089e+00,-1.000587691732109619e+02,-3.804722226031459513e+02,-4.764231713220482334e+01,-1.811904067454320000e+02
2.109999999999999876e+00,-1.005351923412892319e+02,-3.822841266582658477e+02,-4.764231648651713158e+01,-1.811904042902116032e+02
2.120000000000000107e+00,-1.010116155029413108e+02,-3.840960306889501794e+02,-4.764231584692175403e+01,-1.811904018581552123e+02
2.129999999999999893e+00,-1.014880386582276799e+02,-3.859079346954289349e+02,-4.764231521333287134e+01,-1.811903994489365459e+02
2.140000000000000124e+00,-1.019644618072079680e+02,-3.877198386779289194e+02,-4.764231458566626998e+01,-1.811903970622354052e+02
2.149999999999999911e+00,-1.024408849499409939e+02,-3.895317426366736413e+02,-4.764231396383929962e+01,-1.811903946977375881e+02
2.160000000000000142e+00,-1.029173080864847520e+02,-3.913436465718836530e+02,-4.764231334777084470e+01,-1.811903923551346907e+02
2.169999999999999929e+00,-1.033937312168964127e+02,-3.931555504837763237e+02,-4.764231273738127470e+01,-1.811903900341240217e+02
2.180000000000000160e+00,-1.038701543412323787e+02,-3.949674543725661238e+02,-4.764231213259243702e+01,-1.811903877344084037e+02
2.189999999999999947e+00,-1.043465774595482571e+02,-3.967793582384645106e+02,-4.764231153332759305e+01,-1.811903854556960880e+02
2.200000000000000178e+00,-1.048230005718989304e+02,-3.985912620816800427e+02,-4.764231093951140394e+01,-1.811903831977006689e+02
2.209999999999999964e+00,-1.052994236783384849e+02,-4.004031659024184933e+02,-4.764231035106989509e+01,-1.811903809601408852e+02
2.220000000000000195e+00,-1.057758467789203252e+02,-4.022150697008828502e+02,-4.764230976793042061e+01,-1.811903787427405632e+02
2.229999999999999982e+00,-1.062522698736971023e+02,-4.040269734772733159e+02,-4.764230919002164910e+01,-1.811903765452284745e+02
2.240000000000000213e+00,-1.067286929627207570e+02,-4.058388772317874214e+02,-4.764230861727351396e+01,-1.811903743673382792e+02
2.250000000000000000e+00,-1.072051160460425621e+02,-4.076507809646200826e+02,-4.764230804961719912e+01,-1.811903722088082986e+02
2.260000000000000231e+00,-1.076815391237130939e+02,-4.094626846759636010e+02,-4.764230748698510354e+01,-1.811903700693815153e+02
2.270000000000000018e+00,-1.081579621957822610e+02,-4.112745883660077197e+02,-4.764230692931081279e+01,-1.811903679488054877e+02
2.280000000000000249e+00,-1.086343852622993040e+02,-4.130864920349396812e+02,-4.764230637652908484e+01,-1.811903658468321225e+02
2.290000000000000036e+00,-1.091108083233128383e+02,-4.148983956829443400e+02,-4.764230582857582164e+01,-1.811903637632177322e+02
2.300000000000000266e+00,-1.095872313788708254e+02,-4.167102993102040500e+02,-4.764230528538802645e+01,-1.811903616977228069e+02
2.310000000000000053e+00,-1.100636544290206018e+02,-4.185222029168987774e+02,-4.764230474690381101e+01,-1.811903596501120433e+02
2.319999999999999840e+00,-1.105400774738089069e+02,-4.203341065032062716e+02,-4.764230421306233865e+01,-1.811903576201541455e+02
2.330000000000000071e+00,-1.110165005132818550e+02,-4.221460100693018944e+02,-4.764230368380381719e+01,-1.811903556076217967e+02
2.339999999999999858e+00,-1.114929235474849776e+02,-4.239579136153587342e+02,-4.764230315906949187e+01,-1.811903536122916023e+02
2.350000000000000089e+00,-1.119693465764632379e+02,-4.257698171415477191e+02,-4.764230263880159555e+01,-1.811903516339439477e+02
2.359999999999999876e+00,-1.124457696002610021e+02,-4.275817206480376171e+02,-4.764230212294334166e+01,-1.811903496723629416e+02
2.370000000000000107e+00,-1.129221926189220966e+02,-4.293936241349949796e+02,-4.764230161143890996e+01,-1.811903477273363308e+02
2.379999999999999893e+00,-1.133986156324897792e+02,-4.312055276025843114e+02,-4.764230110423341102e+01,-1.811903457986554145e+02
2.390000000000000124e+00,-1.138750386410067676e+02,-4.330174310509680708e+02,-4.764230060127287203e+01,-1.811903438861150164e+02
2.399999999999999911e+00,-1.143514616445152399e+02,-4.348293344803066134e+02,-4.764230010250422254e+01,-1.811903419895133709e+02
2.410000000000000142e+00,-1.148278846430568478e+02,-4.366412378907583616e+02,-4.764229960787528029e+01,-1.811903401086520660e+02
2.419999999999999929e+00,-1.153043076366727462e+02,-4.384531412824796917e+02,-4.764229911733471567e+01,-1.811903382433359297e+02
2.430000000000000160e+00,-1.157807306254035495e+02,-4.402650446556251040e+02,-4.764229863083205174e+01,-1.811903363933730589e+02
2.439999999999999947e+00,-1.162571536092893894e+02,-4.420769480103471665e+02,-4.764229814831763576e+01,-1.811903345585746763e+02
2.450000000000000178e+00,-1.167335765883698997e+02,-4.438888513467965709e+02,-4.764229766974261793e+01,-1.811903327387550746e+02
2.459999999999999964e+00,-1.172099995626842457e+02,-4.457007546651222469e+02,-4.764229719505895844e+01,-1.811903309337315875e+02
2.470000000000000195e+00,-1.176864225322710809e+02,-4.475126579654711918e+02,-4.764229672421938488e+01,-1.811903291433244760e+02
2.479999999999999982e+00,-1.181628454971686324e+02,-4.493245612479886972e+02,-4.764229625717739225e+01,-1.811903273673569288e+02
2.490000000000000213e+00,-1.186392684574146301e+02,-4.511364645128182929e+02,-4.764229579388721447e+01,-1.811903256056549765e+02
2.500000000000000000e+00,-1.191156914130463775e+02,-4.529483677601018030e+02,-4.764229533430383157e+01,-1.811903238580474067e+02
2.510000000000000231e+00,-1.195921143641007092e+02,-4.547602709899792899e+02,-4.764229487838292698e+01,-1.811903221243657640e+02
2.520000000000000018e+00,-1.200685373106140332e+02,-4.565721742025891672e+02,-4.764229442608089471e+01,-1.811903204044442361e+02
2.530000000000000249e+00,-1.205449602526223316e+02,-4.583840773980682002e+02,-4.764229397735482507e+01,-1.811903186981196541e+02
2.540000000000000036e+00,-1.210213831901611314e+02,-4.601959805765515625e+02,-4.764229353216246921e+01,-1.811903170052314351e+02
2.550000000000000266e+00,-1.214978061232655762e+02,-4.620078837381728363e+02,-4.764229309046225325e+01,-1.811903153256214694e+02
2.560000000000000053e+00,-1.219742290519703829e+02,-4.638197868830640118e+02,-4.764229265221324283e+01,-1.811903136591341479e+02
2.569999999999999840e+00,-1.224506519763098424e+02,-4.656316900113555448e+02,-4.764229221737515019e+01,-1.811903120056162777e+02
2.580000000000000071e+00,-1.229270748963178761e+02,-4.674435931231763561e+02,-4.764229178590830571e+01,-1.811903103649170532e+02
2.589999999999999858e+00,-1.234034978120280073e+02,-4.692554962186538887e+02,-4.764229135777365798e+01,-1.811903087368879994e+02
2.600000000000000089e+00,-1.238799207234733473e+02,-4.710673992979141076e+02,-4.764229093293275952e+01,-1.811903071213828866e+02
2.609999999999999876e+00,-1.243563436306866521e+02,-4.728793023610815567e+02,-4.764229051134773840e+01,-1.811903055182577589e+02
2.620000000000000107e+00,-1.248327665337002941e+02,-4.746912054082793020e+02,-4.764229009298131245e+01,-1.811903039273708771e+02
2.629999999999999893e+00,-1.253091894325462761e+02,-4.765031084396289884e+02,-4.764228967779676083e+01,-1.811903023485826054e+02
2.640000000000000124e+00,-1.257856123272562314e+02,-4.783150114552509535e+02,-4.764228926575792400e+01,-1.811903007817554681e+02
2.649999999999999911e+00,-1.262620352178614382e+02,-4.801269144552641137e+02,-4.764228885682918246e+01,-1.811902992267540355e+02
2.660000000000000142e+00,-1.267384581043928193e+02,-4.819388174397860212e+02,-4.764228845097545673e+01,-1.811902976834449532e+02
2.669999999999999929e+00,-1.272148809868809423e+02,-4.837507204089329775e+02,-4.764228804816219309e+01,-1.811902961516968276e+02
2.680000000000000160e+00,-1.276913038653560619e+02,-4.855626233628199202e+02,-4.764228764835534946e+01,-1.811902946313802261e+02
2.689999999999999947e+00,-1.281677267398480637e+02,-4.873745263015605360e+02,-4.764228725152139532e+01,-1.811902931223676489e+02
2.700000000000000178e+00,-1.286441496103865063e+02,-4.891864292252672612e+02,-4.764228685762729754e+01,-1.811902916245335007e+02
2.709999999999999964e+00,-1.291205724770006213e+02,-4.909983321340512248e+02,-4.764228646664050615e+01,-1.811902901377540331e+02
2.720000000000000195e+00,-1.295969953397193137e+02,-4.928102350280223618e+02,-4.764228607852894726e+01,-1.811902886619073172e+02
2.729999999999999982e+00,-1.300734181985712041e+02,-4.946221379072893569e+02,-4.764228569326102303e+01,-1.811902871968731858e+02
2.740000000000000213e+00,-1.305498410535845437e+02,-4.964340407719598147e+02,-4.764228531080559748e+01,-1.811902857425332627e+02
2.750000000000000000e+00,-1.310262639047873279e+02,-4.982459436221400324e+02,-4.764228493113198226e+01,-1.811902842987708766e+02
2.760000000000000231e+00,-1.315026867522071825e+02,-5.000578464579352271e+02,-4.764228455420994379e+01,-1.811902828654710333e+02
2.770000000000000018e+00,-1.319791095958715061e+02,-5.018697492794494792e+02,-4.764228418000966769e+01,-1.811902814425204440e+02
2.780000000000000249e+00,-1.324555324358073563e+02,-5.036816520867856752e+02,-4.764228380850178723e+01,-1.811902800298073828e+02
2.790000000000000036e+00,-1.329319552720415345e+02,-5.054935548800456218e+02,-4.764228343965734780e+01,-1.811902786272218009e+02
2.800000000000000266e+00,-1.334083781046005015e+02,-5.073054576593301022e+02,-4.764228307344780688e+01,-1.811902772346551558e+02
2.810000000000000053e+00,-1.338848009335104905e+02,-5.091173604247387061e+02,-4.764228270984502700e+01,-1.811902758520004966e+02
2.819999999999999840e+00,-1.343612237587974221e+02,-5.109292631763700570e+02,-4.764228234882127566e+01,-1.811902744791523503e+02
2.830000000000000071e+00,-1.348376465804869326e+02,-5.127411659143217548e+02,-4.764228199034921118e+01,-1.811902731160067788e+02
2.839999999999999858e+00,-1.353140693986044027e+02,-5.145530686386902062e+02,-4.764228163440188268e+01,-1.811902717624612649e+02
2.850000000000000089e+00,-1.357904922131749572e+02,-5.163649713495709648e+02,-4.764228128095270165e+01,-1.811902704184147694e+02
2.859999999999999876e+00,-1.362669150242234366e+02,-5.181768740470585044e+02,-4.764228092997546327e+01,-1.811902690837676460e+02
2.870000000000000107e+00,-1.367433378317744541e+02,-5.199887767312462756e+02,-4.764228058144432509e+01,-1.811902677584216121e+02
2.879999999999999893e+00,-1.372197606358523387e+02,-5.218006794022269332e+02,-4.764228023533380707e+01,-1.811902664422798068e+02
2.890000000000000124e+00,-1.376961834364811352e+02,-5.236125820600918814e+02,-4.764227989161877730e+01,-1.811902651352466762e+02
2.899999999999999911e+00,-1.381726062336847178e+02,-5.254244847049318423e+02,-4.764227955027445205e+01,-1.811902638372279739e+02
2.910000000000000142e+00,-1.386490290274866481e+02,-5.272363873368364011e+02,-4.764227921127638865e+01,-1.811902625481307609e+02
2.919999999999999929e+00,-1.391254518179102604e+02,-5.290482899558944609e+02,-4.764227887460047839e+01,-1.811902612678633773e+02
2.930000000000000160e+00,-1.396018746049786614e+02,-5.308601925621936743e+02,-4.764227854022293940e+01,-1.811902599963354135e+02
2.939999999999999947e+00,-1.400782973887147307e+02,-5.326720951558211254e+02,-4.764227820812032377e+01,-1.811902587334577106e+02
2.950000000000000178e+00,-1.405547201691410919e+02,-5.344839977368628752e+02,-4.764227787826948912e+01,-1.811902574791422751e+02
2.959999999999999964e+00,-1.410311429462801414e+02,-5.362959003054039613e+02,-4.764227755064761283e+01,-1.811902562333023070e+02
2.970000000000000195e+00,-1.415075657201540480e+02,-5.381078028615288531e+02,-4.764227722523217778e+01,-1.811902549958522286e+02
2.979999999999999982e+00,-1.419839884907847818e+02,-5.399197054053209968e+02,-4.764227690200096532e+01,-1.811902537667075421e+02
2.990000000000000213e+00,-1.424604112581940569e+02,-5.417316079368630426e+02,-4.764227658093206230e+01,-1.811902525457849151e+02
3.000000000000000000e+00,-1.429368340224034171e+02,-5.435435104562367314e+02,-4.764227626200383980e+01,-1.811902513330021236e+02
3.010000000000000231e+00,-1.434132567834341501e+02,-5.453554129635231220e+02,-4.764227594519496023e+01,-1.811902501282780520e+02
3.020000000000000018e+00,-1.438896795413073164e+02,-5.471673154588023635e+02,-4.764227563048437020e+01,-1.811902489315326363e+02
3.030000000000000249e+00,-1.443661022960438345e+02,-5.489792179421538094e+02,-4.764227531785129344e+01,-1.811902477426868643e+02
3.040000000000000036e+00,-1.448425250476643384e+02,-5.507911204136561309e+02,-4.764227500727522369e+01,-1.811902465616628035e+02
3.050000000000000266e+00,-1.453189477961893203e+02,-5.526030228733870899e+02,-4.764227469873592469e+01,-1.811902453883834880e+02
3.060000000000000053e+00,-1.457953705416390449e+02,-5.544149253214237660e+02,-4.764227439221343019e+01,-1.811902442227730035e+02
3.070000000000000284e+00,-1.462717932840335777e+02,-5.562268277578425568e+02,-4.764227408768802974e+01,-1.811902430647564017e+02
3.080000000000000071e+00,-1.467482160233927857e+02,-5.580387301827189503e+02,-4.764227378514026157e+01,-1.811902419142597012e+02
3.089999999999999858e+00,-1.472246387597363650e+02,-5.598506325961277525e+02,-4.764227348455093392e+01,-1.811902407712098864e+02
3.100000000000000089e+00,-1.477010614930838130e+02,-5.616625349981430873e+02,-4.764227318590108240e+01,-1.811902396355349083e+02
3.109999999999999876e+00,-1.481774842234543996e+02,-5.634744373888383961e+02,-4.764227288917200553e+01,-1.811902385071636274e+02
3.120000000000000107e+00,-1.486539069508672526e+02,-5.652863397682863251e+02,-4.764227259434522921e+01,-1.811902373860257853e+02
3.129999999999999893e+00,-1.491303296753413008e+02,-5.670982421365588380e+02,-4.764227230140251379e+01,-1.811902362720520614e+02
3.140000000000000124e+00,-1.496067523968953026e+02,-5.689101444937273300e+02,-4.764227201032586123e+01,-1.811902351651740162e+02
3.149999999999999911e+00,-1.500831751155478173e+02,-5.707220468398622870e+02,-4.764227172109749375e+01,-1.811902340653240628e+02
3.160000000000000142e+00,-1.505595978313172623e+02,-5.725339491750337402e+02,-4.764227143369986806e+01,-1.811902329724354672e+02
3.169999999999999929e+00,-1.510360205442218273e+02,-5.743458514993109247e+02,-4.764227114811565400e+01,-1.811902318864423478e+02
3.180000000000000160e+00,-1.515124432542795887e+02,-5.761577538127625076e+02,-4.764227086432774172e+01,-1.811902308072796473e+02
3.189999999999999947e+00,-1.519888659615083952e+02,-5.779696561154564733e+02,-4.764227058231924161e+01,-1.811902297348831610e+02
3.200000000000000178e+00,-1.524652886659259821e+02,-5.797815584074601247e+02,-4.764227030207346303e+01,-1.811902286691894233e+02
3.209999999999999964e+00,-1.529417113675498854e+02,-5.815934606888401959e+02,-4.764227002357393559e+01,-1.811902276101357927e+02
3.220000000000000195e+00,-1.534181340663974709e+02,-5.834053629596628525e+02,-4.764226974680438786e+01,-1.811902265576603952e+02
3.229999999999999982e+00,-1.538945567624859621e+02,-5.852172652199934646e+02,-4.764226947174874738e+01,-1.811902255117021241e+02
3.240000000000000213e+00,-1.543709794558324404e+02,-5.870291674698969473e+02,-4.764226919839114061e+01,-1.811902244722006685e+02
3.250000000000000000e+00,-1.548474021464537884e+02,-5.888410697094375337e+02,-4.764226892671589297e+01,-1.811902234390963997e+02
3.260000000000000231e+00,-1.553238248343667465e+02,-5.906529719386788884e+02,-4.764226865670752886e+01,-1.811902224123304279e+02
3.270000000000000018e+00,-1.558002475195879413e+02,-5.924648741576841076e+02,-4.764226838835074318e+01,-1.811902213918446307e+02
3.280000000000000249e+00,-1.562766702021337721e+02,-5.942767763665157190e+02,-4.764226812163043689e+01,-1.811902203775815394e+02
3.290000000000000036e+00,-1.567530928820205531e+02,-5.960886785652356821e+02,-4.764226785653168150e+01,-1.811902193694844243e+02
3.300000000000000266e+00,-1.572295155592643994e+02,-5.979005807539053876e+02,-4.764226759303974035e+01,-1.811902183674972378e+02
3.310000000000000053e+00,-1.577059382338813407e+02,-5.997124829325856581e+02,-4.764226733114004020e+01,-1.811902173715645858e+02
3.320000000000000284e+00,-1.581823609058872080e+02,-6.015243851013367475e+02,-4.764226707081819967e+01,-1.811902163816317852e+02
3.330000000000000071e+00,-1.586587835752977185e+02,-6.033362872602183415e+02,-4.764226681206000080e+01,-1.811902153976447494e+02
3.339999999999999858e+00,-1.591352062421284188e+02,-6.051481894092896709e+02,-4.764226655485139617e+01,-1.811902144195500739e+02
3.350000000000000089e+00,-1.596116289063947420e+02,-6.069600915486093982e+02,-4.764226629917850886e+01,-1.811902134472950081e+02
3.359999999999999876e+00,-1.600880515681119789e+02,-6.087719936782356172e+02,-4.764226604502761830e+01,-1.811902124808273982e+02
3.370000000000000107e+00,-1.605644742272952783e+02,-6.105838957982259672e+02,-4.764226579238518156e+01,-1.811902115200957155e+02
3.379999999999999893e+00,-1.610408968839596753e+02,-6.123957979086375190e+02,-4.764226554123781199e+01,-1.811902105650490569e+02
3.390000000000000124e+00,-1.615173195381200344e+02,-6.142077000095268886e+02,-4.764226529157227219e+01,-1.811902096156371158e+02
3.399999999999999911e+00,-1.619937421897911065e+02,-6.160196021009502374e+02,-4.764226504337548818e+01,-1.811902086718101543e+02
3.410000000000000142e+00,-1.624701648389875288e+02,-6.178315041829631582e+02,-4.764226479663453517e+01,-1.811902077335190313e+02
3.419999999999999929e+00,-1.629465874857237964e+02,-6.196434062556206754e+02,-4.764226455133663762e+01,-1.811902068007152025e+02
3.430000000000000160e+00,-1.634230101300142621e+02,-6.214553083189774725e+02,-4.764226430746917629e+01,-1.811902058733506635e+02
3.439999999999999947e+00,-1.638994327718731654e+02,-6.232672103730876643e+02,-4.764226406501968114e+01,-1.811902049513779787e+02
3.450000000000000178e+00,-1.643758554113146317e+02,-6.250791124180050247e+02,-4.764226382397581716e+01,-1.811902040347502805e+02
3.459999999999999964e+00,-1.648522780483526731e+02,-6.268910144537826454e+02,-4.764226358432539143e+01,-1.811902031234212131e+02
3.470000000000000195e+00,-1.653287006830011308e+02,-6.287029164804733909e+02,-4.764226334605636026e+01,-1.811902022173449325e+02
3.479999999999999982e+00,-1.658051233152737893e+02,-6.305148184981295572e+02,-4.764226310915681495e+01,-1.811902013164761911e+02
3.490000000000000213e+00,-1.662815459451842628e+02,-6.323267205068029853e+02,-4.764226287361498180e+01,-1.811902004207702248e+02
3.500000000000000000e+00,-1.667579685727460799e+02,-6.341386225065450617e+02,-4.764226263941921502e+01,-1.811901995301827526e+02
3.510000000000000231e+00,-1.672343911979726556e+02,-6.359505244974067182e+02,-4.764226240655801803e+01,-1.811901986446700334e+02
3.520000000000000018e+00,-1.677108138208772630e+02,-6.377624264794384317e+02,-4.764226217502000793e+01,-1.811901977641888379e+02
3.530000000000000249e+00,-1.681872364414730612e+02,-6.395743284526904517e+02,-4.764226194479394394e+01,-1.811901968886963914e+02
3.540000000000000036e+00,-1.686636590597731242e+02,-6.413862304172123459e+02,-4.764226171586870606e+01,-1.811901960181504023e+02
3.550000000000000266e+00,-1.691400816757904124e+02,-6.431981323730534541e+02,-4.764226148823330220e+01,-1.811901951525090624e+02
3.560000000000000053e+00,-1.696165042895377724e+02,-6.450100343202625481e+02,-4.764226126187686106e+01,-1.811901942917310464e+02
3.570000000000000284e+00,-1.700929269010279370e+02,-6.468219362588880585e+02,-4.764226103678863211e+01,-1.811901934357755124e+02
3.580000000000000071e+00,-1.705693495102735255e+02,-6.486338381889780749e+02,-4.764226081295798565e+01,-1.811901925846020163e+02
3.589999999999999858e+00,-1.710457721172870720e+02,-6.504457401105801182e+02,-4.764226059037441274e+01,-1.811901917381705971e+02
3.600000000000000089e+00,-1.715221947220809966e+02,-6.522576420237414823e+02,-4.764226036902752526e+01,-1.811901908964417487e+02
3.609999999999999876e+00,-1.719986173246676060e+02,-6.540695439285090060e+02,-4.764226014890704164e+01,-1.811901900593763912e+02
3.620000000000000107e+00,-1.724750399250591215e+02,-6.558814458249290738e+02,-4.764225993000279402e+01,-1.811901892269358427e+02
3.629999999999999893e+00,-1.729514625232676508e+02,-6.576933477130477286e+02,-4.764225971230473533e+01,-1.811901883990819329e+02
3.640000000000000124e+00,-1.734278851193052162e+02,-6.595052495929106726e+02,-4.764225949580291797e+01,-1.811901875757768039e+02
3.649999999999999911e+00,-1.739043077131837265e+02,-6.613171514645632669e+02,-4.764225928048751513e+01,-1.811901867569831097e+02
3.660000000000000142e+00,-1.743807303049149766e+02,-6.631290533280504178e+02,-4.764225906634879948e+01,-1.811901859426638453e+02
3.669999999999999929e+00,-1.748571528945107048e+02,-6.649409551834165768e+02,-4.764225885337715027e+01,-1.811901851327824602e+02
3.680000000000000160e+00,-1.753335754819825354e+02,-6.667528570307060818e+02,-4.764225864156304624e+01,-1.811901843273027453e+02
3.689999999999999947e+00,-1.758099980673419793e+02,-6.685647588699627022e+02,-4.764225843089708690e+01,-1.811901835261889175e+02
3.700000000000000178e+00,-1.762864206506004905e+02,-6.703766607012298664e+02,-4.764225822136995703e+01,-1.811901827294055920e+02
3.709999999999999964e+00,-1.767628432317693807e+02,-6.721885625245507754e+02,-4.764225801297244800e+01,-1.811901819369177531e+02
3.720000000000000195e+00,-1.772392658108599335e+02,-6.740004643399681754e+02,-4.764225780569544355e+01,-1.811901811486907263e+02
3.729999999999999982e+00,-1.777156883878832900e+02,-6.758123661475245854e+02,-4.764225759952994110e+01,-1.811901803646902636e+02
3.740000000000000213e+00,-1.781921109628505349e+02,-6.776242679472619557e+02,-4.764225739446701624e+01,-1.811901795848824577e+02
3.750000000000000000e+00,-1.786685335357726387e+02,-6.794361697392222368e+02,-4.764225719049785113e+01,-1.811901788092337711e+02
3.760000000000000231e+00,-1.791449561066604872e+02,-6.812480715234466970e+02,-4.764225698761371319e+01,-1.811901780377110356e+02
3.770000000000000018e+00,-1.796213786755249089e+02,-6.830599732999764910e+02,-4.764225678580597645e+01,-1.811901772702813957e+02
3.780000000000000249e+00,-1.800978012423766188e+02,-6.848718750688523187e+02,-4.764225658506608596e+01,-1.811901765069123655e+02
3.790000000000000036e+00,-1.805742238072262467e+02,-6.866837768301146525e+02,-4.764225638538560048e+01,-1.811901757475718000e+02
3.800000000000000266e+00,-1.810506463700843369e+02,-6.884956785838037376e+02,-4.764225618675614982e+01,-1.811901749922278952e+02
3.810000000000000053e+00,-1.815270689309613772e+02,-6.903075803299592508e+02,-4.764225598916945614e+01,-1.811901742408491884e+02
3.820000000000000284e+00,-1.820034914898677414e+02,-6.921194820686207549e+02,-4.764225579261732690e+01,-1.811901734934045294e+02
3.830000000000000071e+00,-1.824799140468137182e+02,-6.939313837998273584e+02,-4.764225559709166191e+01,-1.811901727498631089e+02
3.839999999999999858e+00,-1.829563366018095678e+02,-6.957432855236180558e+02,-4.764225540258444624e+01,-1.811901720101944306e+02
3.850000000000000089e+00,-1.834327591548654084e+02,-6.975551872400312732e+02,-4.764225520908773603e+01,-1.811901712743683106e+02
3.859999999999999876e+00,-1.839091817059913296e+02,-6.993670889491054368e+02,-4.764225501659367978e+01,-1.811901705423548776e+02
3.870000000000000107e+00,-1.843856042551972791e+02,-7.011789906508784043e+02,-4.764225482509450416e+01,-1.811901698141245731e+02
3.879999999999999893e+00,-1.848620268024932045e+02,-7.029908923453879197e+02,-4.764225463458251397e+01,-1.811901690896481796e+02
3.890000000000000124e+00,-1.853384493478889397e+02,-7.048027940326713860e+02,-4.764225444505009932e+01,-1.811901683688967069e+02
3.899999999999999911e+00,-1.858148718913942048e+02,-7.066146957127658652e+02,-4.764225425648972134e+01,-1.811901676518415059e+02
3.910000000000000142e+00,-1.862912944330187202e+02,-7.084265973857081917e+02,-4.764225406889391934e+01,-1.811901669384542402e+02
3.919999999999999929e+00,-1.867677169727720923e+02,-7.102384990515349728e+02,-4.764225388225531788e+01,-1.811901662287068291e+02
3.930000000000000160e+00,-1.872441395106638424e+02,-7.120504007102823607e+02,-4.764225369656660547e+01,-1.811901655225714762e+02
3.939999999999999947e+00,-1.877205620467034350e+02,-7.138623023619863943e+02,-4.764225351182054879e+01,-1.811901648200206694e+02
3.950000000000000178e+00,-1.881969845809002493e+02,-7.156742040066827713e+02,-4.764225332800998558e+01,-1.811901641210272089e+02
3.959999999999999964e+00,-1.886734071132636359e+02,-7.174861056444069618e+02,-4.764225314512783171e+01,-1.811901634255641227e+02
3.970000000000000195e+00,-1.891498296438028035e+02,-7.192980072751940952e+02,-4.764225296316706704e+01,-1.811901627336047511e+02
3.979999999999999982e+00,-1.896262521725269607e+02,-7.211099088990790733e+02,-4.764225278212074954e+01,-1.811901620451226620e+02
3.990000000000000213e+00,-1.901026746994452026e+02,-7.229218105160965706e+02,-4.764225260198200118e+01,-1.811901613600917358e+02
4.000000000000000000e+00,-1.905790972245665955e+02,-7.247337121262809205e+02,-4.764225242274401495e+01,-1.811901606784860519e+02
4.009999999999999787e+00,-1.910555197479000924e+02,-7.265456137296662291e+02,-4.764225224440005491e+01,-1.811901600002800024e+02
4.020000000000000462e+00,-1.915319422694545892e+02,-7.283575153262864887e+02,-4.764225206694344905e+01,-1.811901593254482350e+02
4.030000000000000249e+00,-1.920083647892389536e+02,-7.301694169161752370e+02,-4.764225189036758223e+01,-1.811901586539655966e+02
4.040000000000000036e+00,-1.924847873072619393e+02,-7.319813184993657842e+02,-4.764225171466592457e+01,-1.811901579858072466e+02
4.049999999999999822e+00,-1.929612098235322719e+02,-7.337932200758913268e+02,-4.764225153983199590e+01,-1.811901573209485434e+02
4.060000000000000497e+00,-1.934376323380585916e+02,-7.356051216457847204e+02,-4.764225136585938003e+01,-1.811901566593651012e+02
4.070000000000000284e+00,-1.939140548508494817e+02,-7.374170232090785930e+02,-4.764225119274173181e+01,-1.811901560010327898e+02
4.080000000000000071e+00,-1.943904773619134403e+02,-7.392289247658053455e+02,-4.764225102047276295e+01,-1.811901553459277068e+02
4.089999999999999858e+00,-1.948668998712589371e+02,-7.410408263159971511e+02,-4.764225084904624907e+01,-1.811901546940261483e+02
4.099999999999999645e+00,-1.953433223788943565e+02,-7.428527278596858423e+02,-4.764225067845602268e+01,-1.811901540453046948e+02
4.110000000000000320e+00,-1.958197448848280544e+02,-7.446646293969032513e+02,-4.764225050869598022e+01,-1.811901533997401543e+02
4.120000000000000107e+00,-1.962961673890682732e+02,-7.464765309276806420e+02,-4.764225033976007495e+01,-1.811901527573095052e+02
4.129999999999999893e+00,-1.967725898916232552e+02,-7.482884324520493919e+02,-4.764225017164232412e+01,-1.811901521179900101e+02
4.139999999999999680e+00,-1.972490123925011289e+02,-7.501003339700404240e+02,-4.764225000433679469e+01,-1.811901514817591021e+02
4.150000000000000355e+00,-1.977254348917099946e+02,-7.519122354816845473e+02,-4.764224983783761758e+01,-1.811901508485944419e+02
4.160000000000000142e+00,-1.982018573892578956e+02,-7.537241369870123435e+02,-4.764224967213897344e+01,-1.811901502184739456e+02
4.169999999999999929e+00,-1.986782798851527900e+02,-7.555360384860540535e+02,-4.764224950723510688e+01,-1.811901495913757003e+02
4.179999999999999716e+00,-1.991547023794026074e+02,-7.573479399788398041e+02,-4.764224934312031223e+01,-1.811901489672780201e+02
4.190000000000000391e+00,-1.996311248720151923e+02,-7.591598414653996088e+02,-4.764224917978894069e+01,-1.811901483461594182e+02
4.200000000000000178e+00,-2.001075473629983890e+02,-7.609717429457630260e+02,-4.764224901723539318e+01,-1.811901477279986068e+02
4.209999999999999964e+00,-2.005839698523598997e+02,-7.627836444199596144e+02,-4.764224885545412747e+01,-1.811901471127745253e+02
4.219999999999999751e+00,-2.010603923401074553e+02,-7.645955458880185915e+02,-4.764224869443965105e+01,-1.811901465004662839e+02
4.230000000000000426e+00,-2.015368148262487011e+02,-7.664074473499689475e+02,-4.764224853418652827e+01,-1.811901458910531915e+02
4.240000000000000213e+00,-2.020132373107911974e+02,-7.682193488058396724e+02,-4.764224837468937324e+01,-1.811901452845147844e+02
4.250000000000000000e+00,-2.024896597937424758e+02,-7.700312502556593017e+02,-4.764224821594284265e+01,-1.811901446808307412e+02
4.259999999999999787e+00,-2.029660822751100397e+02,-7.718431516994562571e+02,-4.764224805794165718e+01,-1.811901440799809961e+02
4.270000000000000462e+00,-2.034425047549013073e+02,-7.736550531372588466e+02,-4.764224790068058013e+01,-1.811901434819455972e+02
4.280000000000000249e+00,-2.039189272331236396e+02,-7.754669545690951509e+02,-4.764224774415441743e+01,-1.811901428867048480e+02
4.290000000000000036e+00,-2.043953497097843979e+02,-7.772788559949929095e+02,-4.764224758835803186e+01,-1.811901422942391946e+02
4.299999999999999822e+00,-2.048717721848908013e+02,-7.790907574149798620e+02,-4.764224743328633593e+01,-1.811901417045292817e+02
4.310000000000000497e+00,-2.053481946584500974e+02,-7.809026588290835207e+02,-4.764224727893427769e+01,-1.811901411175559247e+02
4.320000000000000284e+00,-2.058246171304694769e+02,-7.827145602373310567e+02,-4.764224712529686201e+01,-1.811901405333001094e+02
4.330000000000000071e+00,-2.063010396009560452e+02,-7.845264616397495274e+02,-4.764224697236913642e+01,-1.811901399517430207e+02
4.339999999999999858e+00,-2.067774620699168793e+02,-7.863383630363658767e+02,-4.764224682014619816e+01,-1.811901393728659855e+02
4.350000000000000533e+00,-2.072538845373589709e+02,-7.881502644272068210e+02,-4.764224666862318713e+01,-1.811901387966505297e+02
4.360000000000000320e+00,-2.077303070032893402e+02,-7.899621658122988492e+02,-4.764224651779528585e+01,-1.811901382230783497e+02
4.370000000000000107e+00,-2.082067294677148936e+02,-7.917740671916683368e+02,-4.764224636765771947e+01,-1.811901376521312841e+02
4.379999999999999893e+00,-2.086831519306425093e+02,-7.935859685653414317e+02,-4.764224621820575578e+01,-1.811901370837913419e+02
4.389999999999999680e+00,-2.091595743920790085e+02,-7.953978699333441682e+02,-4.764224606943471940e+01,-1.811901365180407311e+02
4.400000000000000355e+00,-2.096359968520311838e+02,-7.972097712957022395e+02,-4.764224592133995628e+01,-1.811901359548618018e+02
4.410000000000000142e+00,-2.101124193105057998e+02,-7.990216726524413389e+02,-4.764224577391687632e+01,-1.811901353942370179e+02
4.419999999999999929e+00,-2.105888417675095354e+02,-8.008335740035869321e+02,-4.764224562716091071e+01,-1.811901348361490705e+02
4.429999999999999716e+00,-2.110652642230490130e+02,-8.026454753491642578e+02,-4.764224548106754753e+01,-1.811901342805807928e+02
4.440000000000000391e+00,-2.115416866771308833e+02,-8.044573766891985542e+02,-4.764224533563231034e+01,-1.811901337275151320e+02
4.450000000000000178e+00,-2.120181091297616831e+02,-8.062692780237146053e+02,-4.764224519085075826e+01,-1.811901331769352339e+02
4.459999999999999964e+00,-2.124945315809479212e+02,-8.080811793527373084e+02,-4.764224504671849303e+01,-1.811901326288243865e+02
4.469999999999999751e+00,-2.129709540306960491e+02,-8.098930806762911061e+02,-4.764224490323115901e+01,-1.811901320831659916e+02
4.480000000000000426e+00,-2.134473764790125188e+02,-8.117049819944005549e+02,-4.764224476038443612e+01,-1.811901315399436498e+02
4.490000000000000213e+00,-2.139237989259037249e+02,-8.135168833070899836e+02,-4.764224461817404688e+01,-1.811901309991410756e+02
4.500000000000000000e+00,-2.144002213713760057e+02,-8.153287846143833804e+02,-4.764224447659574224e+01,-1.811901304607421253e+02
4.509999999999999787e+00,-2.148766438154356422e+02,-8.171406859163048466e+02,-4.764224433564532291e+01,-1.811901299247308259e+02
4.520000000000000462e+00,-2.153530662580889157e+02,-8.189525872128780293e+02,-4.764224419531862509e+01,-1.811901293910913182e+02
4.530000000000000249e+00,-2.158294886993420221e+02,-8.207644885041266889e+02,-4.764224405561150633e+01,-1.811901288598078850e+02
4.540000000000000036e+00,-2.163059111392011573e+02,-8.225763897900742450e+02,-4.764224391651988100e+01,-1.811901283308649795e+02
4.549999999999999822e+00,-2.167823335776724321e+02,-8.243882910707440033e+02,-4.764224377803969190e+01,-1.811901278042471688e+02
4.560000000000000497e+00,-2.172587560147619570e+02,-8.262001923461591559e+02,-4.764224364016691027e+01,-1.811901272799391336e+02
4.570000000000000284e+00,-2.177351784504757859e+02,-8.280120936163427814e+02,-4.764224350289754994e+01,-1.811901267579257251e+02
4.580000000000000071e+00,-2.182116008848199158e+02,-8.298239948813177307e+02,-4.764224336622766032e+01,-1.811901262381919366e+02
4.589999999999999858e+00,-2.186880233178003436e+02,-8.316358961411066275e+02,-4.764224323015331919e+01,-1.811901257207228184e+02
4.600000000000000533e+00,-2.191644457494229812e+02,-8.334477973957322092e+02,-4.764224309467064700e+01,-1.811901252055036480e+02
4.610000000000000320e+00,-2.196408681796937401e+02,-8.352596986452167585e+02,-4.764224295977579260e+01,-1.811901246925197597e+02
4.620000000000000107e+00,-2.201172906086184753e+02,-8.370715998895825578e+02,-4.764224282546493328e+01,-1.811901241817566302e+02
4.629999999999999893e+00,-2.205937130362030132e+02,-8.388835011288518899e+02,-4.764224269173428894e+01,-1.811901236731998779e+02
4.639999999999999680e+00,-2.210701354624531518e+02,-8.406954023630465826e+02,-4.764224255858010793e+01,-1.811901231668352352e+02
4.650000000000000355e+00,-2.215465578873746324e+02,-8.425073035921885776e+02,-4.764224242599867409e+01,-1.811901226626485766e+02
4.660000000000000142e+00,-2.220229803109731392e+02,-8.443192048162995889e+02,-4.764224229398629262e+01,-1.811901221606258616e+02
4.669999999999999929e+00,-2.224994027332543567e+02,-8.461311060354011033e+02,-4.764224216253931132e+01,-1.811901216607531921e+02
4.679999999999999716e+00,-2.229758251542239123e+02,-8.479430072495146078e+02,-4.764224203165410643e+01,-1.811901211630167836e+02
4.690000000000000391e+00,-2.234522475738874334e+02,-8.497549084586613617e+02,-4.764224190132708259e+01,-1.811901206674029936e+02
4.700000000000000178e+00,-2.239286699922504624e+02,-8.515668096628626245e+02,-4.764224177155467999e+01,-1.811901201738982365e+02
4.709999999999999964e+00,-2.244050924093185415e+02,-8.533787108621393145e+02,-4.764224164233336012e+01,-1.811901196824890974e+02
4.719999999999999751e+00,-2.248815148250971561e+02,-8.551906120565123501e+02,-4.764224151365962712e+01,-1.811901191931622463e+02
4.730000000000000426e+00,-2.253579372395917346e+02,-8.570025132460025361e+02,-4.764224138552999932e+01,-1.811901187059044958e+02
4.740000000000000213e+00,-2.258343596528077342e+02,-8.588144144306304497e+02,-4.764224125794103770e+01,-1.811901182207027432e+02
4.750000000000000000e+00,-2.263107820647505548e+02,-8.606263156104165546e+02,-4.764224113088933166e+01,-1.811901177375440000e+02
4.759999999999999787e+00,-2.267872044754255398e+02,-8.624382167853813144e+02,-4.764224100437149190e+01,-1.811901172564153910e+02
4.770000000000000462e+00,-2.272636268848380041e+02,-8.642501179555448516e+02,-4.764224087838415755e+01,-1.811901167773041266e+02
4.780000000000000249e+00,-2.277400492929932341e+02,-8.660620191209274026e+02,-4.764224075292399618e+01,-1.811901163001975590e+02
4.790000000000000036e+00,-2.282164716998964877e+02,-8.678739202815488625e+02,-4.764224062798771087e+01,-1.811901158250831543e+02
4.799999999999999822e+00,-2.286928941055529947e+02,-8.696858214374291265e+02,-4.764224050357202600e+01,-1.811901153519484353e+02
4.810000000000000497e+00,-2.291693165099679277e+02,-8.714977225885878624e+02,-4.764224037967369441e+01,-1.811901148807810671e+02
4.820000000000000284e+00,-2.296457389131464595e+02,-8.733096237350447382e+02,-4.764224025628949732e+01,-1.811901144115687998e+02
4.830000000000000071e+00,-2.301221613150937060e+02,-8.751215248768191941e+02,-4.764224013341623731e+01,-1.811901139442994975e+02
4.839999999999999858e+00,-2.305985837158147831e+02,-8.769334260139306707e+02,-4.764224001105075246e+01,-1.811901134789611092e+02
4.850000000000000533e+00,-2.310750061153147215e+02,-8.787453271463983810e+02,-4.764223988918990216e+01,-1.811901130155416695e+02
4.860000000000000320e+00,-2.315514285135985801e+02,-8.805572282742415382e+02,-4.764223976783056713e+01,-1.811901125540293549e+02
4.870000000000000107e+00,-2.320278509106713329e+02,-8.823691293974790142e+02,-4.764223964696965652e+01,-1.811901120944124273e+02
4.879999999999999893e+00,-2.325042733065379537e+02,-8.841810305161297947e+02,-4.764223952660410788e+01,-1.811901116366792337e+02
4.889999999999999680e+00,-2.329806957012033877e+02,-8.859929316302126381e+02,-4.764223940673088009e+01,-1.811901111808182065e+02
4.900000000000000355e+00,-2.334571180946725519e+02,-8.878048327397461890e+02,-4.764223928734696756e+01,-1.811901107268178635e+02
4.910000000000000142e+00,-2.339335404869503350e+02,-8.896167338447489783e+02,-4.764223916844937179e+01,-1.811901102746668641e+02
4.919999999999999929e+00,-2.344099628780415401e+02,-8.914286349452395370e+02,-4.764223905003512982e+01,-1.811901098243539252e+02
4.929999999999999716e+00,-2.348863852679510273e+02,-8.932405360412360551e+02,-4.764223893210130001e+01,-1.811901093758678485e+02
4.940000000000000391e+00,-2.353628076566835716e+02,-8.950524371327568360e+02,-4.764223881464496202e+01,-1.811901089291975495e+02
4.950000000000000178e+00,-2.358392300442439193e+02,-8.968643382198199561e+02,-4.764223869766322395e+01,-1.811901084843320291e+02
4.959999999999999964e+00,-2.363156524306368169e+02,-8.986762393024434914e+02,-4.764223858115321519e+01,-1.811901080412603733e+02
4.969999999999999751e+00,-2.367920748158669824e+02,-9.004881403806451772e+02,-4.764223846511208649e+01,-1.811901075999717534e+02
4.980000000000000426e+00,-2.372684971999390768e+02,-9.023000414544428622e+02,-4.764223834953701697e+01,-1.811901071604553977e+02
4.990000000000000213e+00,-2.377449195828577331e+02,-9.041119425238542817e+02,-4.764223823442520001e+01,-1.811901067227006763e+02
5.000000000000000000e+00,-2.382213419646275838e+02,-9.059238435888969434e+02,-4.764223811977385736e+01,-1.811901062866970165e+02
