# t [yrs], x [au], y [au], vx [au/yrs], vy [au/yrs]
0.000000000000000000e+00,0.000000000000000000e+00,7.500000000000000000e-01,-8.111557351947224603e+00,0.000000000000000000e+00
1.000000000000000021e-02,-8.111557351947225325e-02,7.464908073240571484e-01,-8.074260317482901073e+00,-6.957701345061403364e-01
2.000000000000000042e-02,-1.614799834882474916e-01,7.360526676431468074e-01,-7.962801554315807273e+00,-1.380273990021744002e+00
2.999999999999999889e-02,-2.403630976520251816e-01,7.188545431535824370e-01,-7.780503976287270085e+00,-2.042754516943865895e+00
4.000000000000000083e-02,-3.170786237217505521e-01,6.951685865399674924e-01,-7.532628076125420513e+00,-2.673555937441488783e+00
5.000000000000000278e-02,-3.910017594644729089e-01,6.653567480780686605e-01,-7.225977563045867136e+00,-3.264525063999501597e+00
5.999999999999999778e-02,-4.615823594328508639e-01,6.298540912220400578e-01,-6.868427802570290730e+00,-3.809260789897186861e+00
7.000000000000000666e-02,-5.283531522550720672e-01,5.891504292841168722e-01,-6.468436218757283029e+00,-4.303205524044671826e+00
8.000000000000000167e-02,-5.909331209928825324e-01,5.437718293149814697e-01,-6.034586549127136657e+00,-4.743594845507777436e+00
8.999999999999999667e-02,-6.490266158521240669e-01,4.942632678088424991e-01,-5.575204212022492278e+00,-5.129296885203749490e+00
1.000000000000000056e-01,-7.024190540828629814e-01,4.411733533452285583e-01,-5.098062799283622937e+00,-5.460579507382499642e+00
1.100000000000000006e-01,-7.509701741589462909e-01,3.850416398778426785e-01,-4.610185917894147778e+00,-5.738842332153551773e+00
1.199999999999999956e-01,-7.946057819606804351e-01,3.263887063170097802e-01,-4.117736758856116452e+00,-5.966344488129811552e+00
1.300000000000000044e-01,-8.333088029526500851e-01,2.657089099278625577e-01,-3.625980663320161224e+00,-6.145950460525255288e+00
1.400000000000000133e-01,-8.671102835397920261e-01,2.034655432877541248e-01,-3.139303119496181349e+00,-6.280907744277492100e+00
1.499999999999999944e-01,-8.960808047500746776e-01,1.400880291426250257e-01,-2.661265943654111954e+00,-6.374662631044522243e+00
1.600000000000000033e-01,-9.203226071389308816e-01,7.597075691561905320e-02,-2.194686627506498677e+00,-6.430714963389916328e+00
1.700000000000000122e-01,-9.399625903324034804e-01,1.147317878146905668e-02,-1.741728911927137968e+00,-6.452509110312581342e+00
1.799999999999999933e-01,-9.551462478082464180e-01,-5.307917601857466139e-02,-1.303995825617709103e+00,-6.443356460454594092e+00
1.900000000000000022e-01,-9.660325254636559222e-01,-1.173930567611379538e-01,-8.826192685371367919e-01,-6.406383975950721066e+00
2.000000000000000111e-01,-9.727895463909330687e-01,-1.812054490887588520e-01,-4.783425276964526351e-01,-6.344503392478242354e+00
2.099999999999999922e-01,-9.755911182828549411e-01,-2.442813151560153939e-01,-9.159385205961173559e-02,-6.260396153587999279e+00
2.200000000000000011e-01,-9.746139284720328755e-01,-3.064112503606881699e-01,2.774495616743594129e-01,-6.156509884664820298e+00
2.300000000000000100e-01,-9.700353300642445831e-01,-3.674091529300885783e-01,6.288070164413636087e-01,-6.035062982576628876e+00
2.399999999999999911e-01,-9.620316272671599611e-01,-4.271099722667182630e-01,9.626485557494320888e-01,-5.898054626303880887e+00
2.500000000000000000e-01,-9.507767761329823930e-01,-4.853675784968259910e-01,1.279257105006293749e+00,-5.747278153887972252e+00
2.600000000000000089e-01,-9.364414266443729096e-01,-5.420527780778038318e-01,1.578997522467017633e+00,-5.584336284854524379e+00
2.700000000000000178e-01,-9.191922421442730862e-01,-5.970514875192717286e-01,1.862291570930399320e+00,-5.410657095910663905e+00
2.800000000000000266e-01,-8.991914417875499499e-01,-6.502630682460277534e-01,2.129597881846886587e+00,-5.227509991647578680e+00
2.899999999999999800e-01,-8.765965205580324993e-01,-7.015988195005499195e-01,2.381396074512977190e+00,-5.036021165517215792e+00
2.999999999999999889e-01,-8.515601092564601959e-01,-7.509806222216415250e-01,2.618174296023719538e+00,-4.837188234397865827e+00
3.099999999999999978e-01,-8.242299436748692365e-01,-7.983397244630967560e-01,2.840419551142520760e+00,-4.631893866381747493e+00
3.200000000000000067e-01,-7.947489179687142746e-01,-8.436156576797677609e-01,3.048610288594065132e+00,-4.420918317876852299e+00
3.300000000000000155e-01,-7.632552021039563650e-01,-8.867552727640188870e-01,3.243210798105155224e+00,-4.204950862496839470e+00
3.400000000000000244e-01,-7.298824072979681610e-01,-9.277118848063857781e-01,3.424667049499127813e+00,-3.984600138321722884e+00
3.500000000000000333e-01,-6.947597867011204853e-01,-9.664445159920695971e-01,3.593403671243053488e+00,-3.760403468024589024e+00
3.599999999999999867e-01,-6.580124612869339140e-01,-1.002917226694192587e+00,3.749821821716634140e+00,-3.532835222713174961e+00
3.699999999999999956e-01,-6.197616631302339529e-01,-1.037098525589923215e+00,3.894297753136497064e+00,-3.302314308610518889e+00
3.800000000000000044e-01,-5.801249900411536986e-01,-1.068960850440706878e+00,4.027181906680239898e+00,-3.069210858470036829e+00
3.900000000000000133e-01,-5.392166669626560216e-01,-1.098480111998765052e+00,4.148798409060761472e+00,-2.833852208764253255e+00
4.000000000000000222e-01,-4.971478106938742592e-01,-1.125635294300321387e+00,4.259444866678075314e+00,-2.596528240552868905e+00
4.100000000000000311e-01,-4.540266954241063968e-01,-1.150408105364531863e+00,4.359392374487692123e+00,-2.357496157481530297e+00
4.199999999999999845e-01,-4.099590172968489155e-01,-1.172782673026532274e+00,4.448885673714156219e+00,-2.116984769254484089e+00
4.299999999999999933e-01,-3.650481568061146875e-01,-1.192745281289562920e+00,4.528143406226859291e+00,-1.875198343618369234e+00
4.400000000000000022e-01,-3.193954382881292742e-01,-1.210284143184613637e+00,4.597358424392325560e+00,-1.632320084695175311e+00
4.500000000000000111e-01,-2.731003861344616923e-01,-1.225389206678722864e+00,4.656698124032530473e+00,-1.388515290606890051e+00
4.600000000000000200e-01,-2.262609776372149772e-01,-1.238051990678757930e+00,4.706304775176184840e+00,-1.143934238864548369e+00
4.700000000000000289e-01,-1.789738925987301721e-01,-1.248265448640887954e+00,4.746295830940011840e+00,-8.987148440209917766e-01
4.799999999999999822e-01,-1.313347600098289103e-01,-1.256023857722259995e+00,4.776764199410107992e+00,-6.529851286463799198e-01
4.899999999999999911e-01,-8.343840223178933257e-02,-1.261322731806039155e+00,4.797778467050173745e+00,-4.068655457933668673e-01
5.000000000000000000e-01,-3.537907721568476355e-02,-1.264158757099477892e+00,4.809383065144864133e+00,-1.604711887771086143e-01
5.100000000000000089e-01,1.274928063574853193e-02,-1.264529749352544030e+00,4.811598373262657269e+00,8.608607770053186559e-02
5.200000000000000178e-01,6.085282030964018346e-02,-1.262434632077264363e+00,4.804420755840055790e+00,3.326955323097663397e-01
5.300000000000000266e-01,1.088375340446516848e-01,-1.257873435470707957e+00,4.787822529877248101e+00,5.792455256852622192e-01
5.400000000000000355e-01,1.566090165183816607e-01,-1.250847316062727144e+00,4.761751863513701721e+00,8.256213909966994002e-01
5.500000000000000444e-01,2.040722226724960842e-01,-1.241358597428490640e+00,4.726132607034420730e+00,1.071703304306754534e+00
5.600000000000000533e-01,2.511312235120772840e-01,-1.229410832630776440e+00,4.680864059758317097e+00,1.317364061657520402e+00
5.700000000000000622e-01,2.976889592600838186e-01,-1.215008889393303537e+00,4.625820678399715113e+00,1.562466738418053280e+00
5.799999999999999600e-01,3.436469893151131716e-01,-1.198159059359519274e+00,4.560851735004558094e+00,1.806862194467780958e+00
5.899999999999999689e-01,3.889052385552686508e-01,-1.178869193166765861e+00,4.485780935594530838e+00,2.050386386272704975e+00
5.999999999999999778e-01,4.333617396588650972e-01,-1.157148863469289246e+00,4.400406014380068953e+00,2.292857443825909503e+00
6.099999999999999867e-01,4.769123712818763017e-01,-1.133009558480822410e+00,4.304498323034736451e+00,2.534072466769874410e+00
6.199999999999999956e-01,5.194505921525964798e-01,-1.106464909084158066e+00,4.197802440308216809e+00,2.773803989807759329e+00
6.300000000000000044e-01,5.608671714288639976e-01,-1.077530953076672793e+00,4.080035834494530000e+00,3.011796062778821614e+00
6.400000000000000133e-01,6.010499160285742715e-01,-1.046226440692180848e+00,3.950888620331053147e+00,3.247759885589449613e+00
6.500000000000000222e-01,6.398833961102964318e-01,-1.012573186164823724e+00,3.810023463224070817e+00,3.481368932679094641e+00
6.600000000000000311e-01,6.772486704726471407e-01,-9.765964707824874580e-01,3.657075697809993198e+00,3.712253496061025171e+00
6.700000000000000400e-01,7.130230143895093242e-01,-9.383255036155104811e-01,3.491653745404895925e+00,3.939994570524773199e+00
6.800000000000000488e-01,7.470796533410141160e-01,-8.977939468974698300e-01,3.313339936623323823e+00,4.164116999792328855e+00
6.900000000000000577e-01,7.792875072833801431e-01,-8.550405138692115381e-01,3.121691872242133403e+00,4.384081798976249722e+00
7.000000000000000666e-01,8.095109515796786726e-01,-8.101096477574289967e-01,2.916244488257008882e+00,4.599277567591200544e+00
7.099999999999999645e-01,8.376096025545590740e-01,-7.630522914156676606e-01,2.696513031154258666e+00,4.809010910030006691e+00
7.199999999999999734e-01,8.634381379169286941e-01,-7.139267579628615357e-01,2.461997197902413337e+00,5.012495788793700058e+00
7.299999999999999822e-01,8.868461651058576756e-01,-6.627997134437849658e-01,2.212186753260267480e+00,5.208841752557182403e+00
7.399999999999999911e-01,9.076781540586900121e-01,-6.097472830074204264e-01,1.946569005761194848e+00,5.397041010006032202e+00
7.500000000000000000e-01,9.257734550881004942e-01,-5.548562922115786167e-01,1.664638603848251242e+00,5.575954366158843989e+00
7.600000000000000089e-01,9.409664276024499729e-01,-4.982256546180801604e-01,1.365910205020349100e+00,5.744296106966485738e+00
7.700000000000000178e-01,9.530867114213462665e-01,-4.399679155731959779e-01,1.049934672081339393e+00,5.900618018538613008e+00
7.800000000000000266e-01,9.619596795132002720e-01,-3.802109596118587453e-01,7.163195580248764571e-01,6.043292869634687037e+00
7.900000000000000355e-01,9.674071191511887102e-01,-3.190998848069382943e-01,3.647547476501588060e-01,6.170497882478481522e+00
8.000000000000000444e-01,9.692481976939912869e-01,-2.567990409970410393e-01,-4.955782564916966226e-03,6.280198981848817752e+00
8.100000000000000533e-01,9.673007792401772109e-01,-1.934942194060323417e-01,-3.928550641763030038e-01,6.370136961186561919e+00
8.200000000000000622e-01,9.613831688319411928e-01,-1.293949677960068989e-01,-7.987860759664524579e-01,6.437817151753638889e+00
8.300000000000000711e-01,9.513163708888029424e-01,-6.473698691772172831e-02,-1.222335610482250479e+00,6.480504736946016919e+00
8.399999999999999689e-01,9.369269568204233734e-01,2.154604864070402970e-04,-1.662768429253082658e+00,6.495228518624388769e+00
8.499999999999999778e-01,9.180506412996340959e-01,6.516722856598144986e-02,-2.118951584645036412e+00,6.478796696072912198e+00
8.599999999999999867e-01,8.945366646010312062e-01,1.297901951826876399e-01,-2.589269640322584110e+00,6.427829008257578636e+00
8.699999999999999956e-01,8.662530658370638514e-01,1.937215842422608802e-01,-3.071532816706128877e+00,6.338810313448639988e+00
8.800000000000000044e-01,8.330929039152115134e-01,2.565629452215210660e-01,-3.562881915846790370e+00,6.208171164000166442e+00
8.900000000000000133e-01,7.949814338363199173e-01,3.178800887934148944e-01,-4.059696290757242920e+00,6.032400917917896344e+00
9.000000000000000222e-01,7.518841696352738246e-01,3.772043312316974428e-01,-4.557514067577396411e+00,5.808198060346743574e+00
9.100000000000000311e-01,7.038156570711900928e-01,4.340354400737630458e-01,-5.050977081951133485e+00,5.532660265755930951e+00
9.200000000000000400e-01,6.508486376630201464e-01,4.878466843248508433e-01,-5.533816074163573795e+00,5.203512897190836206e+00
9.300000000000000488e-01,5.931231157051536362e-01,5.380923553702499085e-01,-5.998893801949162885e+00,4.819368839362020651e+00
9.400000000000000577e-01,5.308546560864730868e-01,5.842180192442615327e-01,-6.438323765797511200e+00,4.380004885627065470e+00
9.500000000000000666e-01,4.643410702176407612e-01,6.256735698508175680e-01,-6.843678928527489269e+00,3.886631052357824245e+00
9.599999999999999645e-01,3.939665302341251452e-01,6.619288699025438483e-01,-7.206297067227692921e+00,3.342120711065608596e+00
9.699999999999999734e-01,3.202021366881790954e-01,6.924914054419757381e-01,-7.517676874753495220e+00,2.751163667228936127e+00
9.799999999999999822e-01,2.436020991055214691e-01,7.169249819671660306e-01,-7.769942629761733777e+00,2.120304074071249101e+00
9.899999999999999911e-01,1.647950006193240058e-01,7.348681252491158222e-01,-7.956337914894319852e+00,1.457832738865148858e+00
1.000000000000000000e+00,8.447009923860272773e-02,7.460506068129598711e-01,-8.071694752262896344e+00,7.735197735914619566e-01
1.010000000000000009e+00,3.359211941850667738e-03,7.503064786077254800e-01,-8.112818410012256010e+00,7.819688376176914257e-02
1.020000000000000018e+00,-7.778466992964228055e-02,7.475822264141013251e-01,-8.078733552107150828e+00,-6.167757197590708618e-01
1.030000000000000027e+00,-1.582104022948652156e-01,7.379391302766891148e-01,-7.970754919037829289e+00,-1.300101165260168834e+00
1.040000000000000036e+00,-2.371914653783458449e-01,7.215495770484012805e-01,-7.792372095611194815e+00,-1.961128411396317439e+00
1.050000000000000044e+00,-3.140466599840508466e-01,6.986877765848241717e-01,-7.548966831478888473e+00,-2.590359354487087984e+00
1.060000000000000053e+00,-3.881572149582590003e-01,6.697159458753302319e-01,-7.247405614818070774e+00,-3.179829501007151116e+00
1.070000000000000062e+00,-4.589793264544141937e-01,6.350674303037681101e-01,-6.895564238904702492e+00,-3.723334570122105447e+00
1.080000000000000071e+00,-5.260517564086749642e-01,5.952283749055229389e-01,-6.501842896383854153e+00,-4.216500816582144040e+00
1.090000000000000080e+00,-5.889986801827662433e-01,5.507194554178966861e-01,-6.074721514777347231e+00,-4.656718310643994663e+00
1.100000000000000089e+00,-6.475284024737869570e-01,5.020788950704669906e-01,-5.622389696032908724e+00,-5.042970143839437647e+00
1.110000000000000098e+00,-7.014288158750805469e-01,4.498476169698317206e-01,-5.152468463777826635e+00,-5.375595657229787605e+00
1.120000000000000107e+00,-7.505605629566683978e-01,3.945569968182126575e-01,-4.671825871609497582e+00,-5.656023721746318955e+00
1.130000000000000115e+00,-7.948488159079152293e-01,3.367193466588110362e-01,-4.186477542695476117e+00,-5.886505428441945575e+00
1.140000000000000124e+00,-8.342744555020280561e-01,2.768210088019571469e-01,-3.701556918779722594e+00,-6.069866955249535678e+00
1.150000000000000133e+00,-8.688652591377161727e-01,2.153177766240375601e-01,-3.221337775548235527e+00,-6.209294952583159777e+00
1.159999999999999920e+00,-8.986875313784438157e-01,1.526322754710164875e-01,-2.749292251652636576e+00,-6.308159778002866425e+00
1.169999999999999929e+00,-9.238384523322544783e-01,8.915291426911672867e-02,-2.288170022847452856e+00,-6.369876796321684687e+00
1.179999999999999938e+00,-9.444392905189695764e-01,2.523403693769236955e-02,-1.840087332168074852e+00,-6.397802704677683749e+00
1.189999999999999947e+00,-9.606295302593610419e-01,-3.880305500611484770e-02,-1.406617678876311395e+00,-6.395162119063392936e+00
1.199999999999999956e+00,-9.725618966178737335e-01,-1.026684844226157522e-01,-9.888786863046183928e-01,-6.364999053868444001e+00
1.209999999999999964e+00,-9.803982185393321780e-01,-1.661018065254750153e-01,-5.876118500373697096e-01,-6.310148046531912414e+00
1.219999999999999973e+00,-9.843060473458082882e-01,-2.288698138492283041e-01,-2.032534965043211184e-01,-6.233220209554453994e+00
1.229999999999999982e+00,-9.844559378747944622e-01,-2.907642654272518667e-01,1.640035800645686104e-01,-6.136600205274973518e+00
1.239999999999999991e+00,-9.810192987821907407e-01,-3.515996312002529489e-01,5.141575935811799614e-01,-6.022450888172738104e+00
1.250000000000000000e+00,-9.741667234425578359e-01,-4.112109138588936341e-01,8.473537053191874113e-01,-5.892723060153955750e+00
1.260000000000000009e+00,-9.640667209297758555e-01,-4.694515881124248780e-01,1.163847549660540714e+00,-5.749168394883456656e+00
1.270000000000000018e+00,-9.508847760112810743e-01,-5.261916807496019866e-01,1.463975386560794956e+00,-5.593354094121954390e+00
1.280000000000000027e+00,-9.347826768034462885e-01,-5.813160027687451770e-01,1.748129929176502229e+00,-5.426678244817285446e+00
1.290000000000000036e+00,-9.159180580251112813e-01,-6.347225363329369596e-01,2.016740956722346212e+00,-5.250385161204776274e+00
1.300000000000000044e+00,-8.944441162730751849e-01,-6.863209735196670325e-01,2.270259911606239189e+00,-5.065580235441882628e+00
1.310000000000000053e+00,-8.705094612578432312e-01,-7.360314000940180179e-01,2.509147779214250473e+00,-4.873243997671180772e+00
1.320000000000000062e+00,-8.442580734423061894e-01,-7.837831152923125932e-01,2.733865647860890480e+00,-4.674245214982829744e+00
1.330000000000000071e+00,-8.158293440609964975e-01,-8.295135774328644684e-01,2.944867439351181115e+00,-4.469352949771255190e+00
1.340000000000000080e+00,-7.853581781460142741e-01,-8.731674647480003326e-01,3.142594384273844188e+00,-4.259247560681159506e+00
1.350000000000000089e+00,-7.529751450493069598e-01,-9.146958409149889002e-01,3.327470889419942957e+00,-4.044530671064444860e+00
1.360000000000000098e+00,-7.188066641355231878e-01,-9.540554151756114321e-01,3.499901507612065199e+00,-3.825734156337046166e+00
1.370000000000000107e+00,-6.829752159266244682e-01,-9.912078875471337369e-01,3.660268773397691078e+00,-3.603328217192577121e+00
1.380000000000000115e+00,-6.455995711014792526e-01,-1.026119370351183502e+00,3.808931712489052490e+00,-3.377728613570373462e+00
1.390000000000000124e+00,-6.067950314726890948e-01,-1.058759878059184256e+00,3.946224869618230269e+00,-3.149303137010022624e+00
1.400000000000000133e+00,-5.666736784496678725e-01,-1.089102878231734017e+00,4.072457729711771002e+00,-2.918377398319839777e+00
1.409999999999999920e+00,-5.253446256116305335e-01,-1.117124897087647506e+00,4.187914431991767827e+00,-2.685240004615448317e+00
1.419999999999999929e+00,-4.829142729070924900e-01,-1.142805173959940745e+00,4.292853696692757737e+00,-2.450147195650004495e+00
1.429999999999999938e+00,-4.394865607096240523e-01,-1.166125359571888120e+00,4.387508900342520946e+00,-2.213327004590903258e+00
1.439999999999999947e+00,-3.951632225274755439e-01,-1.187069253692689230e+00,4.472088248672156929e+00,-1.974983003431989070e+00
1.449999999999999956e+00,-3.500440356155558597e-01,-1.205622578308973791e+00,4.546775006773323469e+00,-1.735297688355630807e+00
1.459999999999999964e+00,-3.042270690951107692e-01,-1.221772782977411431e+00,4.611727754590858375e+00,-1.494435555764413337e+00
1.469999999999999973e+00,-2.578089294679320465e-01,-1.235508879508601554e+00,4.667080642628644860e+00,-1.252545915505736795e+00
1.479999999999999982e+00,-2.108850036330144895e-01,-1.246821303577616336e+00,4.712943628188198453e+00,-1.009765484083920084e+00
1.489999999999999991e+00,-1.635496996862350616e-01,-1.255701801266974948e+00,4.749402676828666792e+00,-7.662207974308361536e-01
1.500000000000000000e+00,-1.158966859173317099e-01,-1.262143338928617409e+00,4.776519917262657344e+00,-5.220304801045287935e-01
1.510000000000000009e+00,-6.801912852060199022e-02,-1.266140035107869988e+00,4.794333740775996944e+00,-2.773074056103385088e-01
1.520000000000000018e+00,-2.000992861196736194e-02,-1.267687113609730520e+00,4.802858838643444983e+00,-3.216078088926344059e-02
1.530000000000000027e+00,2.803804080048923064e-02,-1.266780877111267412e+00,4.802086173046527406e+00,2.133018131100400117e-01
1.540000000000000036e+00,7.603169720986464875e-02,-1.263418701038728553e+00,4.791982878808431323e+00,4.589723934689553531e-01
1.550000000000000044e+00,1.238775096667236453e-01,-1.257599047739260678e+00,4.772492094958665554e+00,7.047405287311280242e-01
1.560000000000000053e+00,1.714812577958176321e-01,-1.249321501290139969e+00,4.743532726836904523e+00,9.504912420839647380e-01
1.570000000000000062e+00,2.187477880863685775e-01,-1.238586823608352594e+00,4.704999141251869688e+00,1.196102831685161849e+00
1.580000000000000071e+00,2.655807668035965463e-01,-1.225397032855572998e+00,4.656760799244211491e+00,1.441444574030879888e+00
1.590000000000000080e+00,3.118824289254802928e-01,-1.209755505483545823e+00,4.598661833391003206e+00,1.686374274208741753e+00
1.600000000000000089e+00,3.575533225910572654e-01,-1.191667103638190506e+00,4.530520579480456611e+00,1.930735624255600857e+00
1.610000000000000098e+00,4.024920486606987091e-01,-1.171138330043216991e+00,4.452129075950622905e+00,2.174355327632957913e+00
1.620000000000000107e+00,4.465949951424165176e-01,-1.148177512921545462e+00,4.363252548929758667e+00,2.417039944033477106e+00
1.630000000000000115e+00,4.897560664412711762e-01,-1.122795023991344010e+00,4.263628906285123144e+00,2.658572404343285456e+00
1.640000000000000124e+00,5.318664076539615371e-01,-1.095003533098853898e+00,4.152968271080059282e+00,2.898708140629954855e+00
1.650000000000000133e+00,5.728141244735688309e-01,-1.064818303627872886e+00,4.030952593619343105e+00,3.137170770561042321e+00
1.660000000000000142e+00,6.124839997100725020e-01,-1.032257533460536392e+00,3.897235392270744558e+00,3.373647269788511149e+00
1.669999999999999929e+00,6.507572079953539701e-01,-9.973427469592528460e-01,3.751441687019802185e+00,3.607782559739738826e+00
1.679999999999999938e+00,6.875110309575057643e-01,-9.600992441964681934e-01,3.593168206885977600e+00,3.839173432222608096e+00
1.689999999999999947e+00,7.226185760558972992e-01,-9.205566144749945945e-01,3.421983973665062351e+00,4.067361726719019188e+00
1.699999999999999956e+00,7.559485034114484803e-01,-8.787493220493333146e-01,3.237431390862471225e+00,4.291826671859962694e+00
1.709999999999999964e+00,7.873647664014279401e-01,-8.347173728623525912e-01,3.039027999181110662e+00,4.511976300293204289e+00
1.719999999999999973e+00,8.167263735814104253e-01,-7.885070720252869148e-01,2.826269099692259701e+00,4.727137847321961850e+00
1.729999999999999982e+00,8.438871817276584197e-01,-7.401718826499038562e-01,2.598631494113050611e+00,4.936547050204104892e+00
1.739999999999999991e+00,8.686957325530646479e-01,-6.897733974253634770e-01,2.355578649732501528e+00,5.139336279474197688e+00
1.750000000000000000e+00,8.909951490436778254e-01,-6.373824349239830545e-01,2.096567665659466506e+00,5.334521459650163777e+00
1.760000000000000009e+00,9.106231115065298587e-01,-5.830802728839906690e-01,1.821058498072843257e+00,5.520987778993003303e+00
1.770000000000000018e+00,9.274119384350966167e-01,-5.269600304629038501e-01,1.528525995208740218e+00,5.697474252904600078e+00
1.780000000000000027e+00,9.411888033055737512e-01,-4.691282104203888248e-01,1.218475396838349933e+00,5.862557301221015926e+00
1.790000000000000036e+00,9.517761255157873856e-01,-4.097064100207013504e-01,8.904620647924036403e-01,6.014633636360269264e+00
1.800000000000000044e+00,9.589921819247261281e-01,-3.488332056742848852e-01,5.441163241724753519e-01,6.151902949565819512e+00
1.810000000000000053e+00,9.626519948149140360e-01,-2.866662103606901213e-01,1.791743977369240626e-01,6.272351141024501864e+00
1.820000000000000062e+00,9.625685624073726521e-01,-2.233842939287803975e-01,-2.044835102392900672e-01,6.373735182492057838e+00
1.830000000000000071e+00,9.585545089039156919e-01,-1.591899435280772490e-01,-6.067869084738506391e-01,6.453571143934905940e+00
1.840000000000000080e+00,9.504242416600789944e-01,-9.431172361014966699e-02,-1.027419503793987277e+00,6.509127470580684083e+00
1.850000000000000089e+00,9.379967122508722221e-01,-2.900677098330364800e-02,-1.465753732646622787e+00,6.537426266159704014e+00
1.860000000000000098e+00,9.210988839465635847e-01,3.643677082019390612e-02,-1.920775075116514685e+00,6.535256105921098957e+00
1.870000000000000107e+00,8.995700076574784099e-01,1.016975129436270969e-01,-2.390996700197090874e+00,6.499200721310073980e+00
1.880000000000000115e+00,8.732667978858397184e-01,1.664189610724167434e-01,-2.874366242485840051e+00,6.425688669759098026e+00
1.890000000000000124e+00,8.420695746935600301e-01,2.302082712689534905e-01,-3.368168300786128722e+00,6.311069660959579330e+00
1.900000000000000133e+00,8.058893913000655385e-01,2.926359180785956804e-01,-3.868928638758189376e+00,6.151723299951943780e+00
1.910000000000000142e+00,7.646760935046297281e-01,3.532366277889989470e-01,-4.372329023912512547e+00,5.944205276103248892e+00
1.919999999999999929e+00,7.184271514851486851e-01,4.115119738549478656e-01,-4.873144962973324112e+00,5.685434047388520540e+00
1.929999999999999938e+00,6.671969645339562716e-01,4.669350483679446939e-01,-5.365221823978159499e+00,5.372917403747825560e+00
1.939999999999999947e+00,6.111061688882823972e-01,5.189575940490354089e-01,-5.841507199562080643e+00,5.005012631688000369e+00
1.949999999999999956e+00,5.503502915111631033e-01,5.670198845515111996e-01,-6.294157756388793601e+00,4.581206377063804958e+00
1.959999999999999964e+00,4.852069146046864012e-01,6.105634585470057774e-01,-6.714735935615204099e+00,4.102391352596354679e+00
1.969999999999999973e+00,4.160403863272962299e-01,6.490465369718326771e-01,-7.094504565889428349e+00,3.571108230070670686e+00
1.979999999999999982e+00,3.433030818569634546e-01,6.819615941433677664e-01,-7.424815257943681246e+00,2.991714722505853796e+00
1.989999999999999991e+00,2.675323343678884247e-01,7.088541508340364672e-01,-7.697570219111930179e+00,2.370442838169995348e+00
2.000000000000000000e+00,1.893424496366252763e-01,7.293414789893852834e-01,-7.905719459880732991e+00,1.715312101151892143e+00
2.010000000000000231e+00,1.094116872071305840e-01,7.431296427245310809e-01,-8.043740481581201252e+00,1.035882220270110121e+00
2.020000000000000018e+00,2.846468252572390001e-02,7.500272371944496363e-01,-8.108040290532320782e+00,3.428517251530253107e-01
2.030000000000000249e+00,-5.274860275152330746e-02,7.499543839952138580e-01,-8.097223762191216423e+00,-3.524649386717390032e-01
2.040000000000000036e+00,-1.334758091980275396e-01,7.429459986491138146e-01,-8.012188880989487672e+00,-1.038726841014881108e+00
2.049999999999999822e+00,-2.129851130876883047e-01,7.291489924141469903e-01,-7.856035273163424648e+00,-1.705154718679361192e+00
2.060000000000000053e+00,-2.905863044894936298e-01,7.088137813737231951e-01,-7.633801570236397716e+00,-2.342050748267028748e+00
2.069999999999999840e+00,-3.656484513528697189e-01,6.822811058283195784e-01,-7.352072199330366153e+00,-2.941196748659633986e+00
2.080000000000000071e+00,-4.376131040765334768e-01,6.499655935349361036e-01,-7.018509406674272810e+00,-3.496100518652145439e+00
2.089999999999999858e+00,-5.060025989116655465e-01,6.123376715914597979e-01,-6.641369293351289116e+00,-4.002085527724215552e+00
2.100000000000000089e+00,-5.704235890805853249e-01,5.699053524725906650e-01,-6.229052722676492237e+00,-4.456241182534878220e+00
2.109999999999999876e+00,-6.305663766501676815e-01,5.231971522370555405e-01,-5.789727091757777444e+00,-4.857265416635808464e+00
2.120000000000000107e+00,-6.862008910641309578e-01,4.727470307607749556e-01,-5.331037874815863553e+00,-5.205237270294713170e+00
2.129999999999999893e+00,-7.371702631662040428e-01,4.190818593055383179e-01,-4.859913469400533259e+00,-5.501355687761978253e+00
2.140000000000000124e+00,-7.833829097565625510e-01,3.627115821128705231e-01,-4.382455511496164746e+00,-5.747674483044791671e+00
2.149999999999999911e+00,-8.248039202469317210e-01,3.041219798756459314e-01,-3.903900121685493829e+00,-5.946855007544221472e+00
2.160000000000000142e+00,-8.614463697972489786e-01,2.437697724607920391e-01,-3.428632965163254109e+00,-6.101949633962385988e+00
2.169999999999999929e+00,-8.933630086450983221e-01,1.820797074029128215e-01,-2.960241431725574746e+00,-6.216222061525986220e+00
2.180000000000000160e+00,-9.206386187616344419e-01,1.194432519872962173e-01,-2.501589454327533435e+00,-6.293005190976327157e+00
2.189999999999999947e+00,-9.433831985134384368e-01,5.621852068927840618e-02,-2.054903472994531466e+00,-6.335593912640948844e+00
2.200000000000000178e+00,-9.617260370787713564e-01,-7.268891082520906322e-03,-1.621861109986725724e+00,-6.347168296872187199e+00
2.209999999999999964e+00,-9.758106709544569490e-01,-7.072444508372281724e-02,-1.203676844269375934e+00,-6.330741967010315996e+00
2.220000000000000195e+00,-9.857906702747412098e-01,-1.338827950016931445e-01,-8.011811798835828391e-01,-6.289130479221090475e+00
2.229999999999999982e+00,-9.918261772834577883e-01,-1.965056926999287357e-01,-4.148914652566180195e-01,-6.224935011785024841e+00
2.240000000000000213e+00,-9.940811078665598988e-01,-2.583797969732379296e-01,-4.507369329618987619e-02,-6.140537346972440247e+00
2.250000000000000000e+00,-9.927209250857135237e-01,-3.193144794054947888e-01,3.082046151193237882e-01,-6.038102859578581061e+00
2.260000000000000231e+00,-9.879108976515227347e-01,-3.791396927365271452e-01,6.450298735509496506e-01,-5.919588918232403962e+00
2.270000000000000018e+00,-9.798147636601914900e-01,-4.377039445164593312e-01,9.656054184384130767e-01,-5.786756713836431310e+00
2.280000000000000249e+00,-9.685937288963680780e-01,-4.948724017841442668e-01,1.270221103454539646e+00,-5.641185037817346704e+00
2.290000000000000036e+00,-9.544057383970993014e-01,-5.505251400286195196e-01,1.559228574903257725e+00,-5.484284942119873385e+00
2.300000000000000266e+00,-9.374049690500206866e-01,-6.045555408246197082e-01,1.833021355320386458e+00,-5.317314532753873557e+00
2.310000000000000053e+00,-9.177414993551875622e-01,-6.568688364453905137e-01,2.092018944509746348e+00,-5.141393392547978891e+00
2.319999999999999840e+00,-8.955611199212238915e-01,-7.073807957600803942e-01,2.336654241717311287e+00,-4.957516310503779167e+00
2.330000000000000071e+00,-8.710052547373400289e-01,-7.560165432669897490e-01,2.567363688469772143e+00,-4.766566127683533161e+00
2.339999999999999858e+00,-8.442109687909038485e-01,-8.027095017670474730e-01,2.784579622336712745e+00,-4.569325604055304524e+00
2.350000000000000089e+00,-8.153110422591460793e-01,-8.474004486148430937e-01,2.988724414155955689e+00,-4.366488276381049083e+00
2.359999999999999876e+00,-7.844340953881997480e-01,-8.900366754505383282e-01,3.180206033711561187e+00,-4.158668321444178417e+00
2.370000000000000107e+00,-7.517047513841689232e-01,-9.305712416331568537e-01,3.359414751311260883e+00,-3.946409467437166363e+00
2.379999999999999893e+00,-7.172438272775986112e-01,-9.689623121324022481e-01,3.526720735708956944e+00,-3.730193013582442152e+00
2.390000000000000124e+00,-6.811685448751246819e-01,-1.005172571298642792e+00,3.682472353248926300e+00,-3.510445027369029081e+00
2.399999999999999911e+00,-6.435927556607881073e-01,-1.039168704653830932e+00,3.826995010004446751e+00,-3.287542792625804289e+00
2.410000000000000142e+00,-6.046271749244535032e-01,-1.070920941585670416e+00,3.960590409090899211e+00,-3.061820581832560784e+00
2.419999999999999929e+00,-5.643796215356621238e-01,-1.100402652554352656e+00,4.083536120239135592e+00,-2.833574823904014828e+00
2.430000000000000160e+00,-5.229552606983252083e-01,-1.127589995117645572e+00,4.196085379010903615e+00,-2.603068735106031095e+00
2.439999999999999947e+00,-4.804568477567956464e-01,-1.152461603735820850e+00,4.298467049507334714e+00,-2.370536476436321038e+00
2.450000000000000178e+00,-4.369849717116557342e-01,-1.174998318928010876e+00,4.390885697737512139e+00,-2.136186896179299577e+00
2.459999999999999964e+00,-3.926382975724447277e-01,-1.195182951914983249e+00,4.473521733548303736e+00,-1.900206911735234927e+00
2.470000000000000195e+00,-3.475138070477116758e-01,-1.213000081401368169e+00,4.546531587648497741e+00,-1.662764580431052019e+00
2.479999999999999982e+00,-3.017070373690558527e-01,-1.228435879626019300e+00,4.610047897189627264e+00,-1.424011904974105347e+00
2.490000000000000213e+00,-2.553123182804096225e-01,-1.241477965246401416e+00,4.664179678924602612e+00,-1.184087415590041825e+00
2.500000000000000000e+00,-2.084230074089276075e-01,-1.252115281026216387e+00,4.709012473428535017e+00,-9.431185677364380959e-01
2.510000000000000231e+00,-1.611317243791764442e-01,-1.260337994669762818e+00,4.744608447462541179e+00,-7.012239916280521568e-01
2.520000000000000018e+00,-1.135305841455006848e-01,-1.266137421496774662e+00,4.771006444481905362e+00,-4.585156276567090572e-01
2.530000000000000249e+00,-6.571143010435742671e-02,-1.269505967982758721e+00,4.788221975696187016e+00,-2.151007801412680165e-01
2.540000000000000036e+00,-1.776606761346721797e-02,-1.270437095507186642e+00,4.796247146119566374e+00,2.891587929975503179e-02
2.550000000000000266e+00,3.021350140907017034e-02,-1.268925303960345197e+00,4.795050511827407824e+00,2.734303280988525930e-01
2.560000000000000053e+00,7.813484210304659505e-02,-1.264966135164245831e+00,4.784576866271589068e+00,5.183371982916313847e-01
2.569999999999999840e+00,1.259048477855850001e-01,-1.258556196368828095e+00,4.764746955109059989e+00,7.635277403688920383e-01
2.580000000000000071e+00,1.734294978580676605e-01,-1.249693204396911783e+00,4.735457120671664022e+00,1.008887713626040794e+00
2.589999999999999858e+00,2.206136118067736351e-01,-1.238376051335235317e+00,4.696578879061747536e+00,1.254295169770464291e+00
2.600000000000000089e+00,2.673605986431117354e-01,-1.224604893009907602e+00,4.647958435019143408e+00,1.499618094557466419e+00
2.609999999999999876e+00,3.135722011924541586e-01,-1.208381261848322064e+00,4.589416142308816227e+00,1.744711869661826231e+00
2.620000000000000107e+00,3.591482347323134983e-01,-1.189708206121879996e+00,4.520745920585758526e+00,1.989416513834424638e+00
2.629999999999999893e+00,4.039863196078694041e-01,-1.168590457990796638e+00,4.441714643696279552e+00,2.233553658624272131e+00
2.640000000000000124e+00,4.479816076246403433e-01,-1.145034633239999655e+00,4.352061519403544132e+00,2.476923209556337380e+00
2.649999999999999911e+00,4.910265022459395778e-01,-1.119049466109924396e+00,4.251497486860714048e+00,2.719299638651169637e+00
2.660000000000000142e+00,5.330103729212644081e-01,-1.090646083193922200e+00,4.139704666139165212e+00,2.960427848585951871e+00
2.669999999999999929e+00,5.738192642593169523e-01,-1.059838321000618588e+00,4.016335904168864879e+00,3.200018542702324442e+00
2.680000000000000160e+00,6.133356012588936368e-01,-1.026643092469478713e+00,3.881014474069703901e+00,3.437743028600529271e+00
2.689999999999999947e+00,6.514378924509249824e-01,-9.910808084839228815e-01,3.733334000659226160e+00,3.673227376450771242e+00
2.700000000000000178e+00,6.880004336207126148e-01,-9.531758612486033178e-01,3.572858704649068518e+00,3.906045846762232099e+00
2.709999999999999964e+00,7.228930158141300133e-01,-9.129571772815543440e-01,3.399124082562083426e+00,4.135713496726861393e+00
2.720000000000000195e+00,7.559806426379158673e-01,-8.704588487069048197e-01,3.211638169734233106e+00,4.361677870210223240e+00
2.729999999999999982e+00,7.871232635058431626e-01,-8.257208524991124232e-01,3.009883571076548137e+00,4.583309675168276698e+00
2.740000000000000213e+00,8.161755315355473384e-01,-7.787898682908259707e-01,2.793320489857297861e+00,4.799892355392352705e+00
2.750000000000000000e+00,8.429865973547245872e-01,-7.297202062596016559e-01,2.561391039995007723e+00,5.010610473351148286e+00
2.760000000000000231e+00,8.673999532338181329e-01,-6.785748573728208610e-01,2.313525193576331684e+00,5.214536840708793086e+00
2.770000000000000018e+00,8.892533458417866132e-01,-6.254266787773216096e-01,2.049148793669098634e+00,5.410618367188022582e+00
2.780000000000000249e+00,9.083787806485330574e-01,-5.703597272026950105e-01,1.767694153618597941e+00,5.597660652595659592e+00
2.790000000000000036e+00,9.246026467013163108e-01,-5.134707526712607439e-01,1.468613867528215211e+00,5.774311428592223017e+00
2.800000000000000266e+00,9.377459973021831097e-01,-4.548708632543040919e-01,1.151398570435547164e+00,5.939043075835823693e+00
2.810000000000000053e+00,9.476250300965189943e-01,-3.946873686559504990e-01,8.155995058853668933e-01,6.090134610482613731e+00
2.819999999999999840e+00,9.540518192701353817e-01,-3.330658054831568959e-01,4.608568738938245146e-01,6.225653766071433282e+00
2.830000000000000071e+00,9.568353628456499615e-01,-2.701721394570800183e-01,8.693502795517382697e-02,6.343440108870617600e+00
2.839999999999999858e+00,9.557830191741483183e-01,-2.061951286506542580e-01,-3.062343591530317100e-01,6.441090533768619508e+00
2.850000000000000089e+00,9.507024180380796441e-01,-1.413488160440611319e-01,-7.185000718151479671e-01,6.515949008655417707e+00
2.859999999999999876e+00,9.414039422736019125e-01,-7.587509808780890097e-02,-1.149429147319302569e+00,6.565103076013149241e+00
2.870000000000000107e+00,9.277038838203579552e-01,-1.004628733499327020e-02,-1.598234141247248274e+00,6.585390374396361324e+00
2.879999999999999893e+00,9.094283811260709394e-01,5.583244950231443238e-02,-2.063689985182323383e+00,6.573419276257962629e+00
2.890000000000000124e+00,8.864182393689677975e-01,1.214209420518995580e-01,-2.544041637964652658e+00,6.525608575691355107e+00
2.899999999999999911e+00,8.585347163745675747e-01,1.863423727966285748e-01,-3.036905326317492992e+00,6.438251860237821589e+00
2.910000000000000142e+00,8.256663196887440437e-01,2.501824164414689911e-01,-3.539168366539304333e+00,6.307612540710014315e+00
2.919999999999999929e+00,7.877365976773702538e-01,3.124894992568137408e-01,-4.046895370037443485e+00,6.130055169305713036e+00
2.930000000000000160e+00,7.447128137683911575e-01,3.727765679976670632e-01,-4.555251935210320013e+00,5.902217234430438886e+00
2.939999999999999947e+00,6.966152642266583150e-01,4.305247893611365284e-01,-5.058460362960000012e+00,5.621222621202857539e+00
2.950000000000000178e+00,6.435268372692085626e-01,4.851895932495720598e-01,-5.549804838910551652e+00,5.284932976957352757e+00
2.959999999999999964e+00,5.856022244141486643e-01,5.362094051839201292e-01,-6.021704890878241123e+00,4.892226186748112937e+00
2.970000000000000195e+00,5.230760051293059654e-01,5.830172644378279756e-01,-6.465874472833373687e+00,4.443282427775118393e+00
2.979999999999999982e+00,4.562686683710669433e-01,6.250552813923897499e-01,-6.873578455234771845e+00,3.939848994713961439e+00
2.990000000000000213e+00,3.855895567856454376e-01,6.617915529807014696e-01,-7.235987799917918295e+00,3.385447334874739589e+00
3.000000000000000000e+00,3.115357727463292647e-01,6.927387569566716419e-01,-7.544619560685147164e+00,2.785482276316875616e+00
3.010000000000000231e+00,2.346863112497374892e-01,7.174732424963846666e-01,-7.791830044434441938e+00,2.147217090118908267e+00
3.020000000000000018e+00,1.556910948924413729e-01,7.356531108007717812e-01,-7.971312744774880166e+00,1.479590556357117226e+00
3.030000000000000249e+00,7.525514645657116475e-02,7.470336282920131410e-01,-8.078541884393242611e+00,7.928730969449457877e-01
3.040000000000000036e+00,-5.881240613979085707e-03,7.514784105869780628e-01,-8.111102028653329299e+00,9.818485067358062590e-02
3.050000000000000266e+00,-8.696490762972775013e-02,7.489651814727212864e-01,-8.068856403326876148e+00,-5.930766369731973464e-01
3.060000000000000053e+00,-1.672530066063313003e-01,7.395855022942070534e-01,-7.953929711485197451e+00,-1.269834325302279243e+00
3.070000000000000284e+00,-2.460350404281169689e-01,7.235385737790390737e-01,-7.770510171052954718e+00,-1.921885936968744879e+00
3.080000000000000071e+00,-3.226520608132110723e-01,7.011198904778040975e-01,-7.524502945331622783e+00,-2.540354719503096437e+00
3.089999999999999858e+00,-3.965117648068922085e-01,6.727060441013965608e-01,-7.223086475826646868e+00,-3.117997188693250266e+00
3.100000000000000089e+00,-4.670988152358620527e-01,6.387372423918813436e-01,-6.874230712850085467e+00,-3.649353671151756018e+00
3.109999999999999876e+00,-5.339803052470422084e-01,5.996991194914373935e-01,-6.486231960326096058e+00,-4.130751324417067494e+00
3.120000000000000107e+00,-5.968067845593474363e-01,5.561052080076416271e-01,-6.067306225146134935e+00,-4.560186810148895376e+00
3.129999999999999893e+00,-6.553096025543327929e-01,5.084811039582720626e-01,-5.625266244653396974e+00,-4.937124797836570878e+00
3.140000000000000124e+00,-7.092954867250698126e-01,4.573509714532443260e-01,-5.167291098465820909e+00,-5.262249492863761979e+00
3.149999999999999911e+00,-7.586392879261854016e-01,4.032266755938793135e-01,-4.699784402627888547e+00,-5.537201610138986929e+00
3.160000000000000142e+00,-8.032757300154758084e-01,3.465995435659261492e-01,-4.228308733374952055e+00,-5.764325378387295196e+00
3.169999999999999929e+00,-8.431908481565963953e-01,2.879345521511558204e-01,-3.757579956347762096e+00,-5.946441636658269303e+00
3.180000000000000160e+00,-8.784136272632173670e-01,2.276666214996058146e-01,-3.291504577088779193e+00,-6.086655475923432590e+00
3.189999999999999947e+00,-9.090081877632548712e-01,1.661986450120906400e-01,-2.833244868142925643e+00,-6.188200977043801565e+00
3.200000000000000178e+00,-9.350667258819078675e-01,1.039008844711980378e-01,-2.385299273043068879e+00,-6.254321567729292042e+00
3.209999999999999964e+00,-9.567033061465639587e-01,4.111138988228009439e-02,-1.949588627434567067e+00,-6.288182151819256660e+00
3.220000000000000195e+00,-9.740485245014576243e-01,-2.186284999255015682e-02,-1.527541568582288622e+00,-6.292808075294541226e+00
3.229999999999999982e+00,-9.872450074121166264e-01,-8.474426839319512683e-02,-1.120174875746938081e+00,-6.271045785014343288e+00
3.240000000000000213e+00,-9.964436803416151234e-01,-1.472827839247620729e-01,-7.281663204031252334e-01,-6.225540364550202099e+00
3.250000000000000000e+00,-1.001800722624827333e+00,-2.092537123582572378e-01,-3.519189358745965501e-01,-6.158725736920481530e+00
3.260000000000000231e+00,-1.003475120330527659e+00,-2.704556341081026383e-01,8.383480681787347510e-03,-6.072824029479774843e+00
3.270000000000000018e+00,-1.001626730383353481e+00,-3.307082932253156415e-01,3.527292515857174404e-01,-5.969851292772204054e+00
3.280000000000000249e+00,-9.964147751555446630e-01,-3.898505790544291583e-01,6.812393809895498364e-01,-5.851627393934478505e+00
3.290000000000000036e+00,-9.879966948935158255e-01,-4.477386228543259183e-01,9.941349371123482381e-01,-5.719788440903244897e+00
3.300000000000000266e+00,-9.765272943412747209e-01,-5.042440276882538264e-01,1.291710354893533363e+00,-5.575800531502335566e+00
3.310000000000000053e+00,-9.621581288870076909e-01,-5.592522397841424020e-01,1.574311788822502667e+00,-5.420973968077885452e+00
3.320000000000000284e+00,-9.450370839762344266e-01,-6.126610624945365569e-01,1.842319714022464083e+00,-5.256477345614481322e+00
3.330000000000000071e+00,-9.253081091373049905e-01,-6.643793092208474249e-01,2.096135060615719858e+00,-5.083351122686925905e+00
3.339999999999999858e+00,-9.031110746472057471e-01,-7.143255886196132609e-01,2.336168258826101685e+00,-4.902520433186538185e+00
3.350000000000000089e+00,-8.785817246229248312e-01,-7.624272136133859457e-01,2.562830662230390910e+00,-4.714807004040487470e+00
3.359999999999999876e+00,-8.518517052095386788e-01,-8.086192248262895621e-01,2.776527899645821584e+00,-4.520940119817911551e+00
3.370000000000000107e+00,-8.230486506342041819e-01,-8.528435187822074326e-01,2.977654780251841160e+00,-4.321566627055452692e+00
3.379999999999999893e+00,-7.922963133006633019e-01,-8.950480713396335997e-01,3.166591441068618007e+00,-4.117260005549455038e+00
3.390000000000000124e+00,-7.597147269077161313e-01,-9.351862472435273910e-01,3.343700481097136024e+00,-3.908528555555235595e+00
3.399999999999999911e+00,-7.254203938778728267e-01,-9.732161872446685180e-01,3.509324872983783816e+00,-3.695822762455349242e+00
3.410000000000000142e+00,-6.895264902608049251e-01,-1.009100264896013455e+00,3.663786481943327011e+00,-3.479541906741560719e+00
3.419999999999999929e+00,-6.521430828020723380e-01,-1.042804605831646692e+00,3.807385053858299617e+00,-3.260039989118478143e+00
3.430000000000000160e+00,-6.133773541027077725e-01,-1.074298663032455359e+00,3.940397560942398680e+00,-3.037631039653554410e+00
3.439999999999999947e+00,-5.733338327919706989e-01,-1.103554842261328384e+00,4.063077815005775584e+00,-2.812593877229381700e+00
3.450000000000000178e+00,-5.321146264378674440e-01,-1.130548172496052883e+00,4.175656275987711830e+00,-2.585176381853719008e+00
3.459999999999999964e+00,-4.898196555643420380e-01,-1.155256016792931772e+00,4.278339997719094789e+00,-2.355599338178132829e+00
3.470000000000000195e+00,-4.465468876604719584e-01,-1.177657819575582909e+00,4.371312664434666928e+00,-2.124059904230259477e+00
3.479999999999999982e+00,-4.023925704802189807e-01,-1.197734886861444581e+00,4.454734680872240560e+00,-1.890734755121634025e+00
3.490000000000000213e+00,-3.574514642614041726e-01,-1.215470196415202819e+00,4.528743286290840331e+00,-1.655782947512659309e+00
3.500000000000000000e+00,-3.118170727559192446e-01,-1.230848235256902345e+00,4.593452668759694824e+00,-1.419348546999569916e+00
3.510000000000000231e+00,-2.655818731729182036e-01,-1.243854862356935209e+00,4.648954060903977670e+00,-1.181563057396014305e+00
3.520000000000000018e+00,-2.188375453034021867e-01,-1.254477194724870515e+00,4.695315802180918929e+00,-9.425476881482522939e-01
3.530000000000000249e+00,-1.716752002265900801e-01,-1.262703515448898584e+00,4.732583355901255118e+00,-7.024154938653321967e-01
3.540000000000000036e+00,-1.241856091023093578e-01,-1.268523202572325648e+00,4.760779271774011612e+00,-4.612734181716224291e-01
3.550000000000000266e+00,-7.645943263435932280e-02,-1.271926678007925027e+00,4.779903086880583629e+00,-2.192242728017393394e-01
3.560000000000000053e+00,-2.858745185108061554e-02,-1.272905375994901167e+00,4.789931159801779081e+00,2.363131794081110848e-02
3.570000000000000284e+00,1.933919910627226318e-02,-1.271451730901645982e+00,4.790816434240942279e+00,2.671929775467126733e-01
3.580000000000000071e+00,6.722879746786640520e-02,-1.267559184475315348e+00,4.782488130011905980e+00,5.113586124793852994e-01
3.589999999999999858e+00,1.149887928589934522e-01,-1.261222212941535581e+00,4.764851360794263968e+00,7.560223914620520791e-01
3.600000000000000089e+00,1.625255641315802302e-01,-1.252436374669439356e+00,4.737786679704623971e+00,1.001072636941548133e+00
3.609999999999999876e+00,2.097441712910165790e-01,-1.241198379444043542e+00,4.701149555603033825e+00,1.246389595028507769e+00
3.620000000000000107e+00,2.565481018449971562e-01,-1.227506180735270735e+00,4.654769785273694893e+00,1.491843047877827733e+00
3.629999999999999893e+00,3.028390109645383577e-01,-1.211359092726485009e+00,4.598450849332770929e+00,1.737289729544660988e+00
3.640000000000000124e+00,3.485164549407884782e-01,-1.192757934271319042e+00,4.531969223094152177e+00,1.982570502803964851e+00
3.649999999999999911e+00,3.934776175522727848e-01,-1.171705202392132605e+00,4.455073657871610138e+00,2.227507250234008751e+00
3.660000000000000142e+00,4.376170291356232256e-01,-1.148205278423165332e+00,4.367484453561889524e+00,2.471899428023961232e+00
3.669999999999999929e+00,4.808262783911938509e-01,-1.122264670442891576e+00,4.268892750142053494e+00,2.715520225478281091e+00
3.680000000000000160e+00,5.229937172691587755e-01,-1.093892296239644679e+00,4.158959874297776693e+00,2.958112267091472347e+00
3.689999999999999947e+00,5.640041596917322320e-01,-1.063099811718119625e+00,4.037316788231942510e+00,3.199382787437873965e+00
3.700000000000000178e+00,6.037385753980413217e-01,-1.029901990386631772e+00,3.903563701338382153e+00,3.438998202115142178e+00
3.709999999999999964e+00,6.420737808810015324e-01,-9.943171603688333304e-01,3.757269922534081097e+00,3.676577990853242550e+00
3.720000000000000195e+00,6.788821302587093598e-01,-9.563677062585853594e-01,3.597974052428787761e+00,3.911687802058696484e+00
3.729999999999999982e+00,7.140312100335540757e-01,-9.160806440775738357e-01,3.425184641127233309e+00,4.143831682123743754e+00
3.740000000000000213e+00,7.473835430979676175e-01,-8.734882785893208768e-01,3.238381470418089769e+00,4.372443328704709309e+00
3.750000000000000000e+00,7.787963091159263440e-01,-8.286289532469326424e-01,3.037017659672930581e+00,4.596876266183335780e+00
3.760000000000000231e+00,8.081210906268825322e-01,-7.815479040661287291e-01,2.820522844355392689e+00,4.816392845543361112e+00
3.770000000000000018e+00,8.352036569811864819e-01,-7.322982296587521311e-01,2.588307736090183830e+00,5.030151982539501354e+00
3.780000000000000249e+00,8.598838016355083713e-01,-6.809419904435843884e-01,2.339770445171393654e+00,5.237195570905248232e+00
3.790000000000000036e+00,8.819952525389633813e-01,-6.275514505378059216e-01,2.074305031332643878e+00,5.436433546307262610e+00
3.800000000000000266e+00,9.013656804605822970e-01,-5.722104758349221276e-01,1.791312847055140489e+00,5.626627638280384147e+00
3.810000000000000053e+00,9.178168362821752524e-01,-5.150161010307421350e-01,1.490217348946953901e+00,5.806373939906516846e+00
3.820000000000000284e+00,9.311648556284778389e-01,-4.560802765101434897e-01,1.170483174015571226e+00,5.974084559271827466e+00
3.830000000000000071e+00,9.412207778091009613e-01,-3.955318025760997114e-01,8.316404028784997182e-01,6.127968806003202928e+00
3.839999999999999858e+00,9.477913359032748009e-01,-3.335184528653503122e-01,4.733150499185768689e-01,6.266014626132143661e+00
3.850000000000000089e+00,9.506800857850264963e-01,-2.702092801600339267e-01,9.526691241397855503e-02,6.385971346614867095e+00
3.859999999999999876e+00,9.496889535883952238e-01,-2.057970851982557636e-01,-3.025640524335347359e-01,6.485335244578773306e+00
3.870000000000000107e+00,9.446202928213202066e-01,-1.405010113652515047e-01,-7.200017151323776510e-01,6.561340030005569091e+00
3.879999999999999893e+00,9.352795528116839563e-01,-7.456920405136036045e-02,-1.156567239509772360e+00,6.610955029156432516e+00
3.890000000000000124e+00,9.214786674611875616e-01,-8.281441747710144297e-03,-1.611401600746057206e+00,6.630894666048836150e+00
3.899999999999999911e+00,9.030402745250118990e-01,5.804839437317985129e-02,-2.083177532751792516e+00,6.617643714706351155e+00
3.910000000000000142e+00,8.798028668550698095e-01,1.240701949011807637e-01,-2.570002539745947612e+00,6.567503638712276270e+00
3.919999999999999929e+00,8.516269530853405323e-01,1.893960803995378139e-01,-3.069316430110573535e+00,6.476665976920304324e+00
3.930000000000000160e+00,8.184022599238415241e-01,2.535997452543129471e-01,-3.577789290310178671e+00,6.341318911679274528e+00
3.939999999999999947e+00,7.800559349612063986e-01,3.162170498190990942e-01,-4.091228889403040192e+00,6.157792502377005484e+00
3.950000000000000178e+00,7.365616020062002445e-01,3.767482725246497632e-01,-4.604509993432970738e+00,5.922746131639307521e+00
3.959999999999999964e+00,6.879489777830561925e-01,4.346624555791280264e-01,-5.111541511511710212e+00,5.633398027510275519e+00
3.970000000000000195e+00,6.343135829519777058e-01,4.894042529936948882e-01,-5.605289988388298283e+00,5.287790952584777493e+00
3.979999999999999982e+00,5.758258853419869761e-01,5.404035958383893723e-01,-6.077878551482901237e+00,4.885080302530695917e+00
3.990000000000000213e+00,5.127390256852709660e-01,5.870883073462985768e-01,-6.520777654747212715e+00,4.425821574097494882e+00
4.000000000000000000e+00,4.453941367810170249e-01,6.288995205902916386e-01,-6.925096619934050679e+00,3.912224956758632466e+00
4.009999999999999787e+00,3.742222269506049193e-01,6.653093848144313593e-01,-7.281972550228406504e+00,3.348338083135194765e+00
4.020000000000000462e+00,2.997417087173695482e-01,6.958401323959166884e-01,-7.583036542204928843e+00,2.740116688544653734e+00
4.030000000000000249e+00,2.225509474542379795e-01,7.200831868310798578e-01,-7.820918930768478106e+00,2.095349700887510380e+00
4.040000000000000036e+00,1.433156791212558401e-01,7.377167148039723843e-01,-7.989739920688234243e+00,1.423421184037823917e+00
4.049999999999999822e+00,6.275174730955310198e-02,7.485199535187806452e-01,-8.085524384914704044e+00,7.349150133492937664e-01
4.060000000000000497e+00,-1.839576567966219600e-02,7.523828376514292149e-01,-8.106483710588992864e+00,4.109462329100999067e-02
4.070000000000000284e+00,-9.937542199794761888e-02,7.493099080942643431e-01,-8.053124232109066583e+00,-6.466869069302757511e-01
4.080000000000000071e+00,-1.794524447358278874e-01,7.394181354893867297e-01,-7.928167962393179558e+00,-1.317578155512592941e+00
4.089999999999999858e+00,-2.579299946081240469e-01,7.229290074790410969e-01,-7.736300719658590452e+00,-1.961754448177532417e+00
4.099999999999999645e+00,-3.341671322178687564e-01,7.001558634160595096e-01,-7.483787967678850350e+00,-2.570823110220099572e+00
4.110000000000000320e+00,-4.075924021018175747e-01,6.714878947040842094e-01,-7.178013954373441585e+00,-3.138078207742880821e+00
4.120000000000000107e+00,-4.777125764662232266e-01,6.373724038396375580e-01,-6.827002723058010147e+00,-3.658599602876461354e+00
4.129999999999999893e+00,-5.441166650957477424e-01,5.982968401709134465e-01,-6.438971703717174755e+00,-4.129213076220228373e+00
4.139999999999999680e+00,-6.064757410021208717e-01,5.547718680899029753e-01,-6.021953849512216905e+00,-4.548342715891068977e+00
4.150000000000000355e+00,-6.645394048032481349e-01,5.073163610100723808e-01,-5.583507378051135284e+00,-4.915792671887430743e+00
4.160000000000000142e+00,-7.181298162698385168e-01,4.564448355059883555e-01,-5.130516983750752047e+00,-5.232494002373227815e+00
4.169999999999999929e+00,-7.671341919024690092e-01,4.026575058020264164e-01,-4.669079158111207661e+00,-5.500246205688381629e+00
4.179999999999999716e+00,-8.114965491390281338e-01,3.464328826480386203e-01,-4.204457609627382020e+00,-5.721474795977631977e+00
4.190000000000000391e+00,-8.512093159827802680e-01,2.882226709342962101e-01,-3.741092176261927360e+00,-5.899018038897533067e+00
4.200000000000000178e+00,-8.863052549835398475e-01,2.284486286887108253e-01,-3.282644968435016075e+00,-6.035948996123329024e+00
4.209999999999999964e+00,-9.168499957291365021e-01,1.675010193688320770e-01,-2.832069583270869551e+00,-6.135433861884645346e+00
4.219999999999999751e+00,-9.429353421715346295e-01,1.057383006406256987e-01,-2.391692103474458708e+00,-6.200624210608007836e+00
4.230000000000000426e+00,-9.646734236763573334e-01,4.348772917392159515e-02,-1.963295549926046046e+00,-6.234578921320090394e+00
4.240000000000000213e+00,-9.821916898311018329e-01,-1.895339078566891933e-02,-1.548202097486512052e+00,-6.240210808821666788e+00
4.250000000000000000e+00,-9.956287042976003088e-01,-8.131603630470117527e-02,-1.147349512434346686e+00,-6.220252994828068260e+00
4.259999999999999787e+00,-1.005130667024318969e+00,-1.433575451822461932e-01,-7.613598968677199874e-01,-6.177240484890347716e+00
4.270000000000000462e+00,-1.010848581856592876e+00,-2.048595766029462917e-01,-3.905999804729223257e-01,-6.113503053850158686e+00
4.280000000000000249e+00,-1.012935983673024065e+00,-2.656260482686546576e-01,-3.523296803528358501e-02,-6.031166235561619793e+00
4.290000000000000036e+00,-1.011547142235489583e+00,-3.254811167122579341e-01,3.047375771192623040e-01,-5.932157873827420325e+00
4.299999999999999822e+00,-1.006835666456285860e+00,-3.842672452413294915e-01,6.294310757330771056e-01,-5.818218276102042452e+00
4.310000000000000497e+00,-9.989534409991839281e-01,-4.418433870885363213e-01,9.390596520270408920e-01,-5.690912502644986048e+00
4.320000000000000284e+00,-9.880498358735499975e-01,-4.980832988969814967e-01,1.233903364360591004e+00,-5.551643721226931838e+00
4.330000000000000071e+00,-9.742711382236811657e-01,-5.528739907353763527e-01,1.514290122604461164e+00,-5.401666869747624666e+00
4.339999999999999858e+00,-9.577601634419566912e-01,-6.061143126268420112e-01,1.780579539863915484e+00,-5.242102108503080338e+00
4.350000000000000533e+00,-9.386560098381426798e-01,-6.577136734245574434e-01,2.033150052130647367e+00,-5.073947723382104869e+00
4.360000000000000320e+00,-9.170939273085971788e-01,-7.075908852442054364e-01,2.272388728140985581e+00,-4.898092273168666466e+00
4.370000000000000107e+00,-8.932052757820311273e-01,-7.556731251487692758e-01,2.498683276645825568e+00,-4.715325868989211244e+00
4.379999999999999893e+00,-8.671175537338842165e-01,-8.018950050543073305e-01,2.712415835943711606e+00,-4.526350540593390370e+00
4.389999999999999680e+00,-8.389544808433649914e-01,-8.461977406435472471e-01,2.913958199343831712e+00,-4.331789689689392375e+00
4.400000000000000355e+00,-8.088361220078392755e-01,-8.885284102578167031e-01,3.103668189878267647e+00,-4.132196660541995747e+00
4.410000000000000142e+00,-7.768790425193519145e-01,-9.288392951559121258e-01,3.281886948450623009e+00,-3.928062476771688960e+00
4.419999999999999929e+00,-7.431964863322089165e-01,-9.670872930870095807e-01,3.448936942445145259e+00,-3.719822804016179152e+00
4.429999999999999716e+00,-7.078985710845443480e-01,-1.003233397757526735e+00,3.605120537543893278e+00,-3.507864203259027036e+00
4.440000000000000391e+00,-6.710924949469294631e-01,-1.037242237433480874e+00,3.750719005060208389e+00,-3.292529740984638575e+00
4.450000000000000178e+00,-6.328827515141951521e-01,-1.069081666580030898e+00,3.885991861404521686e+00,-3.074124021189077904e+00
4.459999999999999964e+00,-5.933713498808507181e-01,-1.098722405079156195e+00,4.011176456183568995e+00,-2.852917701600929945e+00
4.469999999999999751e+00,-5.526580377860572657e-01,-1.126137720173262080e+00,4.126487741630618267e+00,-2.629151552912298850e+00
4.480000000000000426e+00,-5.108405263145087138e-01,-1.151303146850852555e+00,4.232118169207862657e+00,-2.403040115853214420e+00
4.490000000000000213e+00,-4.680147151223518209e-01,-1.174196242918057242e+00,4.328237669854424041e+00,-2.174775006883745476e+00
4.500000000000000000e+00,-4.242749175450755139e-01,-1.194796375487092277e+00,4.414993682931095620e+00,-1.944527919342616151e+00
4.509999999999999787e+00,-3.797140852555571100e-01,-1.213084536061768581e+00,4.492511205818087383e+00,-1.712453363220472813e+00
4.520000000000000462e+00,-3.344240323901663259e-01,-1.229043181814132524e+00,4.560892841672687048e+00,-1.478691183409655441e+00
4.530000000000000249e+00,-2.884956592610843362e-01,-1.242656101029096405e+00,4.620218827314189980e+00,-1.243368893374680484e+00
4.540000000000000036e+00,-2.420191759335042769e-01,-1.253908301049794449e+00,4.670547026793552270e+00,-1.006603858719706146e+00
4.549999999999999822e+00,-1.950843260748366115e-01,-1.262785917389865675e+00,4.711912879108622221e+00,-7.685053631176739231e-01
4.560000000000000497e+00,-1.477806115854832514e-01,-1.269276142994551382e+00,4.744329290897580265e+00,-5.291765875191163371e-01
4.570000000000000284e+00,-1.001975186017668856e-01,-1.273367176935063849e+00,4.767786466916129839e+00,-2.887165324817588807e-01
4.580000000000000071e+00,-5.242474552458212256e-02,-1.275048192114860646e+00,4.782251672794620490e+00,-4.722191285964055796e-02
4.589999999999999858e+00,-4.552433774546255085e-03,-1.274309321857015176e+00,4.787668926085071774e+00,1.952109460309197075e-01
4.600000000000000533e+00,4.332859799286784691e-02,-1.271141665533644494e+00,4.783958613044585029e+00,4.384841812815412077e-01
4.610000000000000320e+00,9.112661546025098425e-02,-1.265537313696335708e+00,4.771017030058990471e+00,6.824964039361078871e-01
4.620000000000000107e+00,1.387487252537033255e-01,-1.257489393475811346e+00,4.748715850190748711e+00,9.271406174472360817e-01
4.629999999999999893e+00,1.861006258383964551e-01,-1.246992135345079911e+00,4.716901517148555989e+00,1.172302009334155404e+00
4.639999999999999680e+00,2.330863519945458040e-01,-1.234040962688630616e+00,4.675394571147648115e+00,1.417855579805405331e+00
4.650000000000000355e+00,2.796080122206288654e-01,-1.218632605996785134e+00,4.623988913804729428e+00,1.663663567975803392e+00
4.660000000000000142e+00,3.255655184968818672e-01,-1.200765243915361324e+00,4.562451022562742153e+00,1.909572632533785397e+00
4.669999999999999929e+00,3.708563079656710393e-01,-1.180438673832875596e+00,4.490519129377442908e+00,2.155410739274547183e+00
4.679999999999999716e+00,4.153750562562658621e-01,-1.157654515187428901e+00,4.407902383774946031e+00,2.400983702787628626e+00
4.690000000000000391e+00,4.590133824126515494e-01,-1.132416449230108535e+00,4.314280027219612457e+00,2.646071323773379724e+00
4.700000000000000178e+00,5.016595456905647010e-01,-1.104730499598032267e+00,4.209300614398522988e+00,2.890423056989487982e+00
4.709999999999999964e+00,5.431981348944061594e-01,-1.074605358734429084e+00,4.092581328002502516e+00,3.133753137771758013e+00
4.719999999999999751e+00,5.835097514517455508e-01,-1.042052765950723048e+00,3.963707447438383547e+00,3.375735087579434968e+00
4.730000000000000426e+00,6.224706881047628038e-01,-1.007087943759897630e+00,3.822232049339904236e+00,3.615995511336979273e+00
4.740000000000000213e+00,6.599526059737915729e-01,-9.697301000217610767e-01,3.667676039593812831e+00,3.854107091886662673e+00
4.750000000000000000e+00,6.958222138668982426e-01,-9.300030044244274041e-01,3.499528643860470911e+00,4.089580680252483447e+00
4.759999999999999787e+00,7.299409551307366462e-01,-8.879356488702234707e-01,3.317248517410718911e+00,4.321856375573432274e+00
4.770000000000000462e+00,7.621647091338733526e-01,-8.435630024150901907e-01,3.120265676856734061e+00,4.550293486842512891e+00
4.780000000000000249e+00,7.923435167306780436e-01,-7.969268724892163425e-01,2.907984507500474436e+00,4.774159271911750935e+00
4.790000000000000036e+00,8.203213418734168760e-01,-7.480768851413838183e-01,2.679788162114223660e+00,4.992616360290886846e+00
4.799999999999999822e+00,8.459358850398290830e-01,-6.970715979071663293e-01,2.435044741510476562e+00,5.204708788800083141e+00
4.810000000000000497e+00,8.690184684551260919e-01,-6.439797594654833590e-01,2.173115735484818956e+00,5.409346618184201816e+00
4.820000000000000284e+00,8.893940183532168531e-01,-5.888817303248308210e-01,1.893367305207056983e+00,5.605289161089712202e+00
4.830000000000000071e+00,9.068811758856860639e-01,-5.318710780987883080e-01,1.595185104229071005e+00,5.791126946139963039e+00
4.839999999999999858e+00,9.212925758776610019e-01,-4.730563591197716744e-01,1.277993462160281313e+00,5.965262680435115428e+00
4.850000000000000533e+00,9.324353415346908758e-01,-4.125630947048254393e-01,9.412798864475948601e-01,6.125891667511310423e+00
4.860000000000000320e+00,9.401118534274649496e-01,-3.505359446794384382e-01,5.846259619614971870e-01,6.270982406043545510e+00
4.870000000000000107e+00,9.441208624764965140e-01,-2.871410719601393269e-01,2.077458257567350586e-01,6.398258454651193361e+00
4.879999999999999893e+00,9.442590288402212817e-01,-2.225686790793629521e-01,-1.894665650758075581e-01,6.505183118411857812e+00
4.889999999999999680e+00,9.403229808209532248e-01,-1.570356793139778273e-01,-6.068802164065592031e-01,6.588949107951653339e+00
4.900000000000000355e+00,9.321119988499796394e-01,-9.078844023930245088e-02,-1.044059002915714629e+00,6.646476047345833749e+00
4.910000000000000142e+00,9.194314372609014852e-01,-2.410550477790647517e-02,-1.500182248004310548e+00,6.674419547882132875e+00
4.919999999999999929e+00,9.020969979125104121e-01,4.269984687285574565e-02,-1.973954364830414310e+00,6.669196471973798168e+00
4.929999999999999716e+00,8.799399606288610398e-01,1.092773819821591386e-01,-2.463505256762407836e+00,6.627031882211944058e+00
4.940000000000000391e+00,8.528134505065195770e-01,1.752382933775439022e-01,-2.966285075138754834e+00,6.544033825042902208e+00
4.950000000000000178e+00,8.205997749800988394e-01,2.401544816160137152e-01,-3.478959490713404268e+00,6.416302259427483001e+00
4.959999999999999964e+00,7.832187873435880743e-01,3.035591143147976512e-01,-3.997314820935490509e+00,6.240077724355559852e+00
4.969999999999999751e+00,7.406371224141541365e-01,3.649488853899386931e-01,-4.516185951548138178e+00,6.011933276889108058e+00
4.980000000000000426e+00,6.928780017547372383e-01,4.237884179289193032e-01,-5.029423501265632090e+00,5.729009347414739217e+00
4.990000000000000213e+00,6.400311245320026154e-01,4.795172261537038461e-01,-5.529919251087219934e+00,5.389285118794622242e+00
5.000000000000000000e+00,5.822619603315069003e-01,5.315595517533007186e-01,-6.009709291904630213e+00,4.991871891795765848e+00
