# t [yrs], x [au], y [au], vx [au/yrs], vy [au/yrs]
0.000000000000000000e+00,0.000000000000000000e+00,9.832899999999999974e-01,-6.389069387012315637e+00,0.000000000000000000e+00
1.000000000000000021e-02,-6.384654556865017316e-02,9.812505715774811899e-01,-6.375790799190187208e+00,-4.080185243736975109e-01
2.000000000000000042e-02,-1.274280065920662119e-01,9.751383676999667571e-01,-6.336055426075508201e+00,-8.142566285428642914e-01
2.999999999999999889e-02,-1.904806582117858083e-01,9.649800389838493198e-01,-6.270053049103600173e+00,-1.216946248179382684e+00
4.000000000000000083e-02,-2.527432983204967454e-01,9.508198259114641893e-01,-6.178098234728183868e+00,-1.614339123705094359e+00
5.000000000000000278e-02,-3.139584850418409845e-01,9.327193124576295125e-01,-6.060628114183772119e+00,-2.004716434397427971e+00
5.999999999999999778e-02,-3.738737477683742316e-01,9.107570846986984270e-01,-5.918199320316253953e+00,-2.386398152770234482e+00
7.000000000000000666e-02,-4.322427635183272998e-01,8.850282976306611538e-01,-5.751484121238617853e+00,-2.757752034213258430e+00
8.000000000000000167e-02,-4.888264908188996727e-01,8.556441542428451230e-01,-5.561265800319683095e+00,-3.117202163134768167e+00
8.999999999999999667e-02,-5.433942538632111630e-01,8.227313016448651872e-01,-5.348433340693470761e+00,-3.463236984342375813e+00
1.000000000000000056e-01,-5.957247703081902657e-01,7.864311497153472219e-01,-5.113975479921915479e+00,-3.794416756920565348e+00
1.100000000000000006e-01,-6.456071167685789591e-01,7.468991183223189223e-01,-4.858974206528822393e+00,-4.109380377201684809e+00
1.199999999999999956e-01,-6.928416268038285475e-01,7.043038196500481796e-01,-4.584597774763857103e+00,-4.406851527348005781e+00
1.300000000000000044e-01,-7.372407169752612788e-01,6.588261825508610059e-01,-4.292093317109420880e+00,-4.685644116327754460e+00
1.400000000000000133e-01,-7.786296373555663397e-01,6.106585261208363757e-01,-3.982779135709144658e+00,-4.944666990441623611e+00
1.499999999999999944e-01,-8.168471436867604796e-01,5.600035898753087382e-01,-3.658036754112016009e+00,-5.182927900811229449e+00
1.600000000000000033e-01,-8.517460891920068944e-01,5.070735279760689718e-01,-3.319302809564018464e+00,-5.399536725166138140e+00
1.700000000000000122e-01,-8.831939348378686772e-01,4.520888749413099483e-01,-2.968060863643701808e+00,-5.593707950671587881e+00
1.799999999999999933e-01,-9.110731776045744024e-01,3.952774901577455480e-01,-2.605833205459023194e+00,-5.764762433260758101e+00
1.900000000000000022e-01,-9.352816970419838283e-01,3.368734883194912655e-01,-2.234172717049561552e+00,-5.912128456837796087e+00
2.000000000000000111e-01,-9.557330210590304631e-01,2.771161626489649921e-01,-1.854654865233965833e+00,-6.035342122695893430e+00
2.099999999999999922e-01,-9.723565125070204873e-01,2.162489074208941431e-01,-1.468869878078039815e+00,-6.134047105474438766e+00
2.200000000000000011e-01,-9.850974786665445126e-01,1.545181459217214726e-01,-1.078415157606995578e+00,-6.207993816917131369e+00
2.300000000000000100e-01,-9.939172062298907706e-01,9.217226954380483561e-02,-6.848879735156692128e-01,-6.257038022574087144e+00
2.399999999999999911e-01,-9.987929247833677859e-01,2.946059324733746321e-02,-2.898784756046603461e-01,-6.281138959427009283e+00
2.500000000000000000e-01,-9.997177021360568183e-01,-3.336766786683352526e-02,1.050369443613120013e-01,-6.280357004242383745e+00
2.600000000000000089e-01,-9.967002751138487326e-01,-9.606439663349329583e-02,4.983019175783217070e-01,-6.254850943328085222e+00
2.700000000000000178e-01,-9.897648196420848477e-01,-1.583835428158573699e-01,8.883859727696408193e-01,-6.204874894354673209e+00
2.800000000000000266e-01,-9.789506640797317472e-01,-2.200820597854738214e-01,1.273790009554352176e+00,-6.130774930087187435e+00
2.899999999999999800e-01,-9.643119498467018769e-01,-2.809208061512290522e-01,1.653051365648368298e+00,-6.032985452348209598e+00
2.999999999999999889e-01,-9.459172434083580328e-01,-3.406654100724705314e-01,2.024748478300161025e+00,-5.912025362395313621e+00
3.099999999999999978e-01,-9.238491036526260691e-01,-3.990870944402468701e-01,2.387505145191509914e+00,-5.768494071244631094e+00
3.200000000000000067e-01,-8.982036086210977155e-01,-4.559634615309809957e-01,2.739994394287318169e+00,-5.603067390405144899e+00
3.300000000000000155e-01,-8.690898454418596319e-01,-5.110792361248545079e-01,3.080941975782889752e+00,-5.416493340100425158e+00
3.400000000000000244e-01,-8.366293671644514651e-01,-5.642269664340369140e-01,3.409129492370202463e+00,-5.209587908435500125e+00
3.500000000000000333e-01,-8.009556200222091027e-01,-6.152076825017528394e-01,3.723397186536255177e+00,-4.983230791199716236e+00
3.599999999999999867e-01,-7.622133444500140964e-01,-6.638315120109482548e-01,4.022646405535646785e+00,-4.738361138157381802e+00
3.699999999999999956e-01,-7.205579529716467091e-01,-7.099182536806173394e-01,4.305841766072869170e+00,-4.475973327834156912e+00
3.800000000000000044e-01,-6.761548878457250833e-01,-7.532979086289367521e-01,4.572013041619848117e+00,-4.197112789017507950e+00
3.900000000000000133e-01,-6.291789611274614114e-01,-7.938111702460258767e-01,4.820256795717615006e+00,-3.902871883504593686e+00
4.000000000000000222e-01,-5.798136795696515744e-01,-8.313098732466758234e-01,5.049737784606793234e+00,-3.594385861093022605e+00
4.100000000000000311e-01,-5.282505565545071446e-01,-8.656574026664146659e-01,5.259690152140136021e+00,-3.272828894453674753e+00
4.199999999999999845e-01,-4.746884130218178566e-01,-8.967290636247635671e-01,5.449418439192210251e+00,-2.939410198377794714e+00
4.299999999999999933e-01,-4.193326691417530450e-01,-9.244124127096913224e-01,5.618298428736077987e+00,-2.595370234974152091e+00
4.400000000000000022e-01,-3.623946282752655290e-01,-9.486075518394828654e-01,5.765777846442669663e+00,-2.241977003722002593e+00
4.500000000000000111e-01,-3.040907545740450524e-01,-9.692273854350216267e-01,5.891376935111572344e+00,-1.880522412872996263e+00
4.600000000000000200e-01,-2.446419453974486846e-01,-9.861978416894642274e-01,5.994688919495895441e+00,-1.512318726547365211e+00
4.700000000000000289e-01,-1.842727995676364250e-01,-9.994580586561249147e-01,6.075380376169960961e+00,-1.138695079990936554e+00
4.799999999999999822e-01,-1.232108823478030857e-01,-1.008960535791793900e+00,6.133191521035357141e+00,-7.609940538517372399e-01
4.899999999999999911e-01,-6.168598791317610880e-02,-1.014671251494395410e+00,6.167936424894614689e+00,-3.805682969985781372e-01
5.000000000000000000e-01,7.060000864296533951e-05,-1.016569747063568174e+00,6.179503165266275744e+00,1.222813661590438361e-03
5.100000000000000089e-01,6.182684872159986689e-02,-1.014649177393111668e+00,6.167853920292366787e+00,3.830164887066316859e-01
5.200000000000000178e-01,1.233507178096828472e-01,-1.008916328577997401e+00,6.133025008219626706e+00,7.634498299288778878e-01
5.300000000000000266e-01,1.844109005131571166e-01,-9.993916024884564875e-01,6.075126873538446937e+00,1.141163135397492034e+00
5.400000000000000355e-01,2.447775646945226924e-01,-9.861089682322079497e-01,5.994344018456867040e+00,1.514803218971880971e+00
5.500000000000000444e-01,3.042230928309620497e-01,-9.691158802958639296e-01,5.890934875989389141e+00,1.883026757109414362e+00
5.600000000000000533e-01,3.625228204209734462e-01,-9.484731630305998085e-01,5.765231618570410888e+00,2.244503675267461418e+00
5.700000000000000622e-01,4.194557721203325817e-01,-9.242548610280153509e-01,5.617639893779048599e+00,2.597920585387201164e+00
5.799999999999999600e-01,4.748053948270627433e-01,-8.965480548224200597e-01,5.448638476506596717e+00,2.941984284863388144e+00
5.899999999999999689e-01,5.283602868175040213e-01,-8.654526412582819184e-01,5.258778824732039503e+00,3.275425326048963637e+00
5.999999999999999778e-01,5.799149218968734365e-01,-8.310810777789905401e-01,5.048684524019161124e+00,3.597001663715324593e+00
6.099999999999999867e-01,6.292703673691681932e-01,-7.935580898281504592e-01,4.819050603937403920e+00,3.905502385988463665e+00
6.199999999999999956e-01,6.762349944544353564e-01,-7.530203405100365233e-01,4.570642707866769072e+00,4.199751532110042263e+00
6.300000000000000044e-01,7.206251795881586375e-01,-7.096160616343112348e-01,4.304296096106410729e+00,4.478611997935022515e+00
6.400000000000000133e-01,7.622659948299826960e-01,-6.635046452742434653e-01,4.020914460901345855e+00,4.740989527381234581e+00
6.500000000000000222e-01,8.009918853897416424e-01,-6.148561950000189791e-01,3.721468530968539135e+00,4.985836785102545576e+00
6.600000000000000311e-01,8.366473320506897515e-01,-5.638510360116887332e-01,3.406994442381115373e+00,5.212157502482246407e+00
6.700000000000000400e-01,8.690874960362600099e-01,-5.106791834920787476e-01,3.078591852297750897e+00,5.419010685658683713e+00
6.800000000000000488e-01,8.981788436313072888e-01,-4.555397686305361904e-01,2.737421772044292378e+00,5.605514870729175314e+00
6.900000000000000577e-01,9.237997476357527882e-01,-3.986404219353592571e-01,2.384704096507009652e+00,5.770852407566243514e+00
7.000000000000000666e-01,9.458410625023512264e-01,-3.401966136574061661e-01,2.021714807721019191e+00,5.914273749865273544e+00
7.099999999999999645e-01,9.642066697958618926e-01,-2.804309513904746920e-01,1.649782831969955232e+00,6.035101725176350129e+00
7.199999999999999734e-01,9.788139904134632863e-01,-2.195724351958160125e-01,1.270286531686387832e+00,6.132735754815090701e+00
7.299999999999999822e-01,9.895944598313611840e-01,-1.578556709181719586e-01,8.846498159832756336e-01,6.206655989766334258e+00
7.399999999999999911e-01,9.964939624959696651e-01,-9.552004271785954903e-02,4.943378567735947637e-01,6.256427325067278389e+00
7.500000000000000000e-01,9.994732213657140374e-01,-3.280884623571661551e-02,1.008524011571926837e-01,6.281703251767322804e+00
7.600000000000000089e-01,9.985081385373558716e-01,3.003161576765801810e-02,-2.942733249318190136e-01,6.282229502501330387e+00
7.700000000000000178e-01,9.935900828646321292e-01,9.275297300375248688e-02,-6.894801219334214526e-01,6.257847444076992005e+00
7.800000000000000266e-01,9.847261205025471531e-01,1.551057597074462779e-01,-1.083188725407063790e+00,6.208497168364350394e+00
7.900000000000000355e-01,9.719391843930781372e-01,2.168404158810287030e-01,-1.473806107063945880e+00,6.134220231285731906e+00
8.000000000000000444e-01,9.552681788520013262e-01,2.777083139576974613e-01,-1.859732150474491030e+00,6.035161988934635069e+00
8.100000000000000533e-01,9.347680156259102757e-01,3.374628066010950111e-01,-2.239366677132085925e+00,5.911573479894363103e+00
8.200000000000000622e-01,9.105095780662385563e-01,3.958602908520608699e-01,-2.611116791604580545e+00,5.763812803764201576e+00
8.300000000000000711e-01,8.825796104150447352e-01,4.526612833425329718e-01,-2.973404507434215027e+00,5.592345947802926709e+00
8.399999999999999689e-01,8.510805296160125488e-01,5.076315008293558195e-01,-3.324674608392289787e+00,5.397747016519987895e+00
8.499999999999999778e-01,8.161301575526451746e-01,5.605429398680192854e-01,-3.663402692809096362e+00,5.180697823017249348e+00
8.599999999999999867e-01,7.778613721714956464e-01,6.111749490586426692e-01,-3.988103342145760344e+00,4.941986805918288539e+00
8.699999999999999956e-01,7.364216765673148313e-01,6.593152869643965630e-01,-4.297338348923566365e+00,4.682507241800907494e+00
8.800000000000000044e-01,6.919726857833085054e-01,7.047611585362488773e-01,-4.589724933751682556e+00,4.403254730125375715e+00
8.900000000000000133e-01,6.446895318056650170e-01,7.473202226870657716e-01,-4.863943876667209842e+00,4.105323935649204614e+00
9.000000000000000222e-01,5.947601879978325901e-01,7.868115635513843742e-01,-5.118747484485103527e+00,3.789904582130830590e+00
9.100000000000000311e-01,5.423847150158400687e-01,8.230666179520751413e-01,-5.352967313498456114e+00,3.458276700610910304e+00
9.200000000000000400e-01,4.877744310590022558e-01,8.559300516775569800e-01,-5.565521565800231940e+00,3.111805145553840024e+00
9.300000000000000488e-01,4.311510101272301720e-01,8.852605773573574144e-01,-5.755422077817881288e+00,2.751933402440972287e+00
9.400000000000000577e-01,3.727455127625927678e-01,9.109317070117164405e-01,-5.921780821432951036e+00,2.380176720817269942e+00
9.500000000000000666e-01,3.127973545339464145e-01,9.328324327425011608e-01,-6.063815841333339840e+00,1.998114617075945842e+00
9.599999999999999645e-01,2.515532182644018011e-01,9.508678295254727741e-01,-6.180856557011414232e+00,1.607382801183472765e+00
9.699999999999999734e-01,1.892659166874320897e-01,9.649595746530804652e-01,-6.272348364030476908e+00,1.209664590861458500e+00
9.799999999999999822e-01,1.261932128345081838e-01,9.750463790552508225e-01,-6.337856476746763335e+00,8.066818852202273238e-01
9.899999999999999911e-01,6.259660599233686507e-02,9.810843264836290878e-01,-6.377068963465176488e+00,4.001857772641876365e-01
1.000000000000000000e+00,-1.259908490387637303e-03,9.830471173708935639e-01,-6.389798934857158663e+00,-8.053109133558500332e-03
1.010000000000000009e+00,-6.511109692793870529e-02,9.809262150577695571e-01,-6.375985857177717264e+00,-4.162544674254225474e-01
1.020000000000000018e+00,-1.286917537070044748e-01,9.747308930014152439e-01,-6.335695973157140948e+00,-8.226382481678046199e-01
1.030000000000000027e+00,-1.917379674204768292e-01,9.644881825240376738e-01,-6.269121825162265793e+00,-1.225434595206571942e+00
1.040000000000000036e+00,-2.539883777705090884e-01,9.502427216133763066e-01,-6.176580887060635128e+00,-1.622893683173061818e+00
1.050000000000000044e+00,-3.151854144087193332e-01,9.320565062302956783e-01,-6.058513322912975951e+00,-2.013295362945910494e+00
1.060000000000000053e+00,-3.750765091194713241e-01,9.100085464966544135e-01,-5.915478901904402953e+00,-2.394958525108246583e+00
1.070000000000000062e+00,-4.334152731000017744e-01,8.841944310130698259e-01,-5.748153109555528495e+00,-2.766250096333894071e+00
1.080000000000000071e+00,-4.899626315410928745e-01,8.547258033765046115e-01,-5.557322505005422464e+00,-3.125593589937088801e+00
1.090000000000000080e+00,-5.444879082541994597e-01,8.217297557186139523e-01,-5.343879382831922875e+00,-3.471477139349377961e+00
1.100000000000000089e+00,-5.967698537138170778e-01,7.853481447561893036e-01,-5.108815805307977520e+00,-3.802460951847447035e+00
1.110000000000000098e+00,-6.465976105743562741e-01,7.457368364255844151e-01,-4.853217077060826057e+00,-4.117184129227482003e+00
1.120000000000000107e+00,-6.937716114647693999e-01,7.030648856567531801e-01,-4.578254738720228367e+00,-4.414370812072412775e+00
1.130000000000000115e+00,-7.381044046469271702e-01,6.575136582248628514e-01,-4.285179159270787963e+00,-4.692835614549329293e+00
1.140000000000000124e+00,-7.794214039303186681e-01,6.092759018961574347e-01,-3.975311808461268637e+00,-4.951488327068832795e+00
1.150000000000000133e+00,-8.175615600513056469e-01,5.585547742599445975e-01,-3.650037290809085011e+00,-5.189337874408974649e+00
1.159999999999999920e+00,-8.523779515357111647e-01,5.055628347125695754e-01,-3.310795221544976741e+00,-5.405495526842428511e+00
1.169999999999999929e+00,-8.837382938556805900e-01,4.505210080363383218e-01,-2.959072022376152855e+00,-5.599177371216927490e+00
1.179999999999999938e+00,-9.115253664534184175e-01,3.936575269026511004e-01,-2.596392711336447778e+00,-5.769706057661783127e+00
1.189999999999999947e+00,-9.356373579248803418e-01,3.352068604316861822e-01,-2.224312756389438928e+00,-5.916511845492340882e+00
1.199999999999999956e+00,-9.559881303266675179e-01,2.754086356696237026e-01,-1.844410057018772253e+00,-6.039132978854940603e+00
1.209999999999999964e+00,-9.725074041817879378e-01,2.145065585082941151e-01,-1.458277111950464944e+00,-6.137215428623862046e+00
1.219999999999999973e+00,-9.851408663089102902e-01,1.527473401815348242e-01,-1.067513424577846148e+00,-6.210512041985843723e+00
1.229999999999999982e+00,-9.938502030812372823e-01,9.037963503798315812e-02,-6.737181907709037798e-01,-6.258881145012808567e+00
1.239999999999999991e+00,-9.986130621328449530e-01,2.765299482207562998e-02,-2.784833067100365156e-01,-6.282284646341643075e+00
1.250000000000000000e+00,-9.994229458714992687e-01,-3.518315579602718235e-02,1.166132726601116776e-01,-6.280785691886747735e+00
1.260000000000000009e+00,-9.962890404282409573e-01,-9.788051820516281698e-02,5.100138008722534533e-01,-6.254545921361849281e+00
1.270000000000000018e+00,-9.892359838773598923e-01,-1.601928896244241562e-01,9.001866158480558155e-01,-6.203822377353675144e+00
1.280000000000000027e+00,-9.783035776988070475e-01,-2.218771004367407484e-01,1.285631613760151337e+00,-6.128964116855091682e+00
1.290000000000000036e+00,-9.635464455325737365e-01,-2.826939163525035159e-01,1.664885315995133563e+00,-6.030408573621449442e+00
1.300000000000000044e+00,-9.450336432957940902e-01,-3.424089031443054432e-01,2.036525529738455909e+00,-5.908677717558332709e+00
1.310000000000000053e+00,-9.228482247035483255e-01,-4.007932521430241368e-01,2.399175607526250253e+00,-5.764374054680859061e+00
1.320000000000000062e+00,-8.970867661591778175e-01,-4.576245651057951891e-01,2.751508315357095835e+00,-5.598176508102311821e+00
1.330000000000000071e+00,-8.678588548652262924e-01,-5.126875974542477454e-01,3.092249322613821683e+00,-5.410836217108214719e+00
1.340000000000000080e+00,-8.352865438578112034e-01,-5.657749592339629263e-01,3.420180330110037747e+00,-5.203172287740803981e+00
1.350000000000000089e+00,-7.995037774911974982e-01,-6.166877734615923146e-01,3.734141855058103587e+00,-4.976067524541477383e+00
1.360000000000000098e+00,-7.606557907013266062e-01,-6.652362918033645212e-01,4.033035693674063005e+00,-4.730464169250817363e+00
1.370000000000000107e+00,-7.188984851625483952e-01,-7.112404677674460940e-01,4.315827083517605800e+00,-4.467359668414619733e+00
1.380000000000000115e+00,-6.743977852260195638e-01,-7.545304877930859577e-01,4.581546588544051168e+00,-4.187802488048880889e+00
1.390000000000000124e+00,-6.273289762960218008e-01,-7.949472607824642489e-01,4.829291730257422977e+00,-3.892887989827379158e+00
1.400000000000000133e+00,-5.778760280662911253e-01,-8.323428667479795262e-01,5.058228388338134707e+00,-3.583754379714513938e+00
1.409999999999999920e+00,-5.262309048064153227e-01,-8.665809653399941803e-01,5.267591993716162158e+00,-3.261578736608070628e+00
1.419999999999999929e+00,-4.725928646621076479e-01,-8.975371650797963063e-01,5.456688536311301796e+00,-2.927573125409034915e+00
1.429999999999999938e+00,-4.171677497159817505e-01,-9.250993541519404451e-01,5.624895408606060521e+00,-2.582980796019686665e+00
1.439999999999999947e+00,-3.601672683501986882e-01,-9.491679936115982041e-01,5.771662104891950307e+00,-2.229072467102727551e+00
1.449999999999999956e+00,-3.018082712615447472e-01,-9.696563738386171361e-01,5.896510794472738404e+00,-1.867142691024150425e+00
1.459999999999999964e+00,-2.423120223052777911e-01,-9.864908350232766132e-01,5.999036785352208412e+00,-1.498506294258214799e+00
1.469999999999999973e+00,-1.819034651882829035e-01,-9.996109524019201054e-01,6.078908893010485315e+00,-1.124494885658483323e+00
1.479999999999999982e+00,-1.208104868962317224e-01,-1.008969686876447946e+00,6.135869726810591729e+00,-7.464534233963318055e-01
1.489999999999999991e+00,-5.926317862480259130e-02,-1.014533501552796757e+00,6.169735904401830950e+00,-3.657368300380730020e-01
1.500000000000000000e+00,2.506905107404873434e-03,-1.016282444622723213e+00,6.180398202222729509e+00,1.629335582677132743e-02
1.510000000000000009e+00,6.426748855606102817e-02,-1.014210198893174875e+00,6.167821647875654456e+00,3.982723037815401601e-01
1.520000000000000018e+00,1.257863174960821284e-01,-1.008324098140959801e+00,6.132045557768182498e+00,7.788352044968652743e-01
1.530000000000000027e+00,1.868319020740269731e-01,-9.986451103400100227e-01,6.073183521012141206e+00,1.156620584507405125e+00
1.540000000000000036e+00,2.471742592254075888e-01,-9.852077876769651521e-01,5.991423328158546724e+00,1.530273635976503455e+00
1.550000000000000044e+00,3.065856540881715109e-01,-9.680601831407525948e-01,5.887026840943755168e+00,1.898449574287665031e+00
1.560000000000000053e+00,3.648413397934747171e-01,-9.472637333460038889e-01,5.760329796847798889e+00,2.259817035745860903e+00
1.570000000000000062e+00,4.217202949412059976e-01,-9.228931071312168610e-01,5.611741539939475665e+00,2.613061526845485094e+00
1.580000000000000071e+00,4.770059579711266595e-01,-8.950360193632651562e-01,5.441744667225099086e+00,2.956888935463873214e+00
1.590000000000000080e+00,5.304869575217515676e-01,-8.637930092828851603e-01,5.250894577551262543e+00,3.290029112968421821e+00
1.600000000000000089e+00,5.819578377292516924e-01,-8.292771826438799510e-01,5.039818908060943237e+00,3.611239534580789723e+00
1.610000000000000098e+00,6.312197772589873690e-01,-7.916139168346973953e-01,4.809216841293578959e+00,3.919309043423790051e+00
1.620000000000000107e+00,6.780813006843605661e-01,-7.509405281274939004e-01,4.559858264282611984e+00,4.213061681487490162e+00
1.630000000000000115e+00,7.223589806333650110e-01,-7.074059001794806845e-01,4.292582759470363385e+00,4.491360608295196677e+00
1.640000000000000124e+00,7.638781289147329456e-01,-6.611700729168891177e-01,4.008298405964388245e+00,4.753112105335087989e+00
1.650000000000000133e+00,8.024734746154764675e-01,-6.124037909658340828e-01,3.707980368638512214e+00,4.997269661360920878e+00
1.660000000000000142e+00,8.379898269328478477e-01,-5.612880108590840855e-01,3.392669251874389502e+00,5.222838130471945561e+00
1.669999999999999929e+00,8.702827202696283848e-01,-5.080133663454754478e-01,3.063469194385933569e+00,5.428877951480099995e+00
1.679999999999999938e+00,8.992190388859454542e-01,-4.527795912613819529e-01,2.721545681610355150e+00,5.614509413490317513e+00
1.689999999999999947e+00,9.246776181676621409e-01,-3.957948995929010394e-01,2.368123052626541991e+00,5.778916948893288996e+00
1.699999999999999956e+00,9.465498193453409925e-01,-3.372753225644737896e-01,2.004481679513488768e+00,5.921353431142881263e+00
1.709999999999999964e+00,9.647400742837842769e-01,-2.774440028352708754e-01,1.631954798525003802e+00,6.041144450814747380e+00
1.719999999999999973e+00,9.791663967654833378e-01,-2.165304461690439608e-01,1.251924974464209805e+00,6.137692539578933015e+00
1.729999999999999982e+00,9.897608565175363138e-01,-1.547697312657978774e-01,8.658201822186040175e-01,6.210481307936706941e+00
1.739999999999999991e+00,9.964700120865225275e-01,-9.240167880339966722e-02,4.751094925818892811e-01,6.259079458947695684e+00
1.750000000000000000e+00,9.992552985553786460e-01,-2.966998113209716459e-02,8.129835325084927566e-02,6.283144636792603599e+00
1.760000000000000009e+00,9.980933660264716956e-01,3.317870550800808283e-02,-3.140765397592029107e-01,6.282427065970703772e+00
1.770000000000000018e+00,9.929763647716618458e-01,9.589570392102746144e-02,-7.094527801054879568e-01,6.256772934316069623e+00
1.780000000000000027e+00,9.839121729788075088e-01,1.582312912363366131e-01,-1.103248192865399213e+00,6.206127470931426693e+00
1.790000000000000036e+00,9.709245631100914542e-01,2.199357032352199093e-01,-1.493867168421483704e+00,6.130537668683141206e+00
1.800000000000000044e+00,9.540533030353600674e-01,2.807601639138781469e-01,-1.879707370468256533e+00,6.030154600172527246e+00
1.810000000000000053e+00,9.333541883172251641e-01,3.404579359624636536e-01,-2.259166793388004191e+00,5.905235276188984805e+00
1.820000000000000062e+00,9.088990023068840296e-01,3.987853873340395650e-01,-2.630651137268786410e+00,5.756143996641909233e+00
1.830000000000000071e+00,8.807754010622351748e-01,4.555030685863030726e-01,-2.992581461749743710e+00,5.583353145930341377e+00
1.840000000000000080e+00,8.490867205233704196e-01,5.103767952125493057e-01,-3.343402072815451209e+00,5.387443387694675678e+00
1.850000000000000089e+00,8.139517038738999233e-01,5.631787287470948478e-01,-3.681588589775599552e+00,5.169103217935579586e+00
1.860000000000000098e+00,7.755041475772317394e-01,6.136884500448476221e-01,-4.005656133123052243e+00,4.929127840589847764e+00
1.870000000000000107e+00,7.338924652005998084e-01,6.616940178054646626e-01,-4.314167567933838932e+00,4.668417335802451440e+00
1.880000000000000115e+00,6.892791688203141476e-01,7.069930051498231061e-01,-4.605741732130987920e+00,4.387974098280489343e+00
1.890000000000000124e+00,6.418402685316495493e-01,7.493935068699367763e-01,-4.879061574451578842e+00,4.088899531179215785e+00
1.900000000000000133e+00,5.917645913565878768e-01,7.887151098716411735e-01,-5.132882123495686066e+00,3.772389989842785063e+00
1.910000000000000142e+00,5.392530216413062849e-01,8.247898193197470418e-01,-5.366038206945061617e+00,3.439731979262159456e+00
1.919999999999999929e+00,4.845176658505095935e-01,8.574629330837745256e-01,-5.577451839045695081e+00,3.092296619150639359e+00
1.929999999999999938e+00,4.277809454839400227e-01,8.865938572728606637e-01,-5.766139194852492267e+00,2.731533400879319728e+00
1.939999999999999947e+00,3.692746226473117011e-01,9.120568559429627076e-01,-5.931217091604946923e+00,2.358963270945312107e+00
1.949999999999999956e+00,3.092387635906511667e-01,9.337417284577994581e-01,-6.071908900972308842e+00,1.976171085934727012e+00
1.959999999999999964e+00,2.479206462665935473e-01,9.515544084844946848e-01,-6.187549820768070141e+00,1.584797493851821448e+00
1.969999999999999973e+00,1.855736186448751768e-01,9.654174792006043893e-01,-6.277591441037801090e+00,1.186530305976265520e+00
1.979999999999999982e+00,1.224559151330705531e-01,9.752705999737769638e-01,-6.341605547080476413e+00,7.830954318502090228e-01
1.989999999999999991e+00,5.882943898464873533e-02,9.810708405390986542e-01,-6.379287110839767294e+00,3.762474573690104407e-01
2.000000000000000000e+00,-5.041480987713273243e-03,9.827929195305593613e-01,-6.390456432028648770e+00,-3.224004793952645054e-02
2.010000000000000231e+00,-6.889135074244250034e-02,9.804293451085700495e-01,-6.375060401125031362e+00,-4.405844036762266436e-01
2.020000000000000018e+00,-1.324547795097363034e-01,9.739904563501714518e-01,-6.333172867767571823e+00,-8.470037774660413854e-01
2.030000000000000249e+00,-1.954677474831182926e-01,9.635043650165009410e-01,-6.264994109838592173e+00,-1.249727134584681210e+00
2.040000000000000036e+00,-2.576688637345433963e-01,9.490167982666277702e-01,-6.170849410382508005e+00,-1.647004083093997817e+00
2.049999999999999822e+00,-3.188006055158620899e-01,9.305908438312198161e-01,-6.051186761207131504e+00,-2.037114521117648902e+00
2.060000000000000053e+00,-3.786105303546940526e-01,9.083066000771613524e-01,-5.906573723290976297e+00,-2.418377996364184490e+00
2.069999999999999840e+00,-4.368524527076150243e-01,8.822607342694243071e-01,-5.737693484725614468e+00,-2.789162693006627336e+00
2.080000000000000071e+00,-4.932875773901836958e-01,8.525659531545843883e-01,-5.545340166633446088e+00,-3.147893967420170469e+00
2.089999999999999858e+00,-5.476855825517779053e-01,8.193503907382907459e-01,-5.330413436122130477e+00,-3.493062361892050216e+00
2.100000000000000089e+00,-5.998256455917329033e-01,7.827569187955182306e-01,-5.093912492706129669e+00,-3.823231034050538213e+00
2.109999999999999876e+00,-6.494974061087127604e-01,7.429423862284356694e-01,-4.836929500620734679e+00,-4.137042549192701202e+00
2.120000000000000107e+00,-6.965018607234163550e-01,7.000767938653753575e-01,-4.560642543993242093e+00,-4.433224992689033250e+00
2.129999999999999893e+00,-7.406521854008369932e-01,6.543424116712261984e-01,-4.266308184880261756e+00,-4.710597369967947756e+00
2.140000000000000124e+00,-7.817744817073787322e-01,6.059328456125145923e-01,-3.955253705731444747e+00,-4.968074271997624969e+00
2.149999999999999911e+00,-8.197084442554314343e-01,5.550520615897351906e-01,-3.628869117939072630e+00,-5.204669794459909404e+00
2.160000000000000142e+00,-8.543079473993481221e-01,5.019133739175865028e-01,-3.288599016856167179e+00,-5.419500708740280892e+00
2.169999999999999929e+00,-8.854415500389051230e-01,4.467384058050952733e-01,-2.935934361120037028e+00,-5.611788892250683780e+00
2.180000000000000160e+00,-9.129929181472052901e-01,3.897560291683818123e-01,-2.572404250435616380e+00,-5.780863034295439462e+00
2.189999999999999947e+00,-9.368611653589876687e-01,3.312012909067085231e-01,-2.199567771305132258e+00,-5.926159641551087986e+00
2.200000000000000178e+00,-9.569611126233897869e-01,2.713143324963380176e-01,-1.819005974702318396e+00,-6.047223374155779041e+00
2.209999999999999964e+00,-9.732234685350225067e-01,2.103393094163444055e-01,-1.432314043552578964e+00,-6.143706749321120597e+00
2.220000000000000195e+00,-9.855949325031461150e-01,1.485233165261818644e-01,-1.041093701268687610e+00,-6.215369254247847586e+00
2.229999999999999982e+00,-9.940382233968801939e-01,8.611532507708866135e-02,-6.469459056746498238e-01,-6.262075913933775162e+00
2.240000000000000213e+00,-9.985320367125077867e-01,2.336513656886243795e-02,-2.514638655899572584e-01,-6.283795362222059921e+00
2.250000000000000000e+00,-9.990709336463634571e-01,-3.947764182951012113e-02,1.437735897075826941e-01,-6.280597466186620181e+00
2.260000000000000231e+00,-9.956651657242875375e-01,-1.021645960826070010e-01,5.372082648348925904e-01,-6.252650554746317368e+00
2.270000000000000018e+00,-9.883404388381930028e-01,-1.644494746111438144e-01,9.273084598200391770e-01,-6.200218302312470620e+00
2.280000000000000249e+00,-9.771376206750465032e-01,-2.260891249350736043e-01,1.312574428422822237e+00,-6.123656317390032022e+00
2.290000000000000036e+00,-9.621123955975291464e-01,-2.868443949297503348e-01,1.691543428752404710e+00,-6.023408484464012780e+00
2.300000000000000266e+00,-9.433348710535552906e-01,-3.464809964605205517e-01,2.062794367022496189e+00,-5.900003105307284557e+00
2.310000000000000053e+00,-9.208891395589814399e-01,-4.047703296093631553e-01,2.424952040082429150e+00,-5.754048883142982795e+00
2.319999999999999840e+00,-8.948728002198828024e-01,-4.614902661262969552e-01,2.776690986581470622e+00,-5.586230789982794320e+00
2.330000000000000071e+00,-8.653964436435845897e-01,-5.164258911246091266e-01,3.116738960249977985e+00,-5.397305854036347661e+00
2.339999999999999858e+00,-8.325831039371497377e-01,-5.693702023898351561e-01,3.443880041813736081e+00,-5.188098900436360239e+00
2.350000000000000089e+00,-7.965676813141384649e-01,-6.201247669860183720e-01,3.756957408507585860e+00,-4.959498274732215606e+00
2.359999999999999876e+00,-7.574963386309000457e-01,-6.685003351180643927e-01,4.054875782041230892e+00,-4.712451574746451932e+00
2.370000000000000107e+00,-7.155258749579374022e-01,-7.143174114456587454e-01,4.336603577221268324e+00,-4.447961412531361347e+00
2.379999999999999893e+00,-6.708230790651927844e-01,-7.574067842425514785e-01,4.601174774282130286e+00,-4.167081224364956427e+00
2.390000000000000124e+00,-6.235640654672814920e-01,-7.976100129558679752e-01,4.847690538361734802e+00,-3.870911143037034208e+00
2.399999999999999911e+00,-5.739335954402102757e-01,-8.347798748448068684e-01,5.075320609514707648e+00,-3.560593943138768758e+00
2.410000000000000142e+00,-5.221243851890178256e-01,-8.687807714683055682e-01,5.283304486227661023e+00,-3.237311066717401875e+00
2.419999999999999929e+00,-4.683364031197129740e-01,-8.994890958490047161e-01,5.470952424627808064e+00,-2.902278733518342424e+00
2.430000000000000160e+00,-4.127761579521162516e-01,-9.267935611683439934e-01,5.637646274497917886e+00,-2.556744137131206074e+00
2.439999999999999947e+00,-3.556559792055873914e-01,-9.505954918473030757e-01,5.782840171865435863e+00,-2.201981725699494241e+00
2.450000000000000178e+00,-2.971932913996320758e-01,-9.708090778417016731e-01,5.906061106357593182e+00,-1.839289563456569354e+00
2.459999999999999964e+00,-2.376098831381664167e-01,-9.873615929327312912e-01,6.006909379741214750e+00,-1.469985767220373774e+00
2.470000000000000195e+00,-1.771311720915858257e-01,-1.000193577725198013e+00,6.085058970126855371e+00,-1.095405010120080735e+00
2.479999999999999982e+00,-1.159854667562567609e-01,-1.009258987980533373e+00,6.140257814240357881e+00,-7.168950832413942820e-01
2.490000000000000213e+00,-5.440322575786193937e-02,-1.014525308811708104e+00,6.172328017977144476e+00,-3.358135045638783178e-01
2.500000000000000000e+00,7.383684625822999059e-03,-1.015973635155485555e+00,6.181166003179280999e+00,4.647583647714653710e-02
2.510000000000000231e+00,6.914273411489836596e-02,-1.013598718816709710e+00,6.166742596234660923e+00,4.286060112409963985e-01
2.520000000000000018e+00,1.306414726863383002e-01,-1.007408982252234075e+00,6.129103061711834499e+00,8.092103738802218782e-01
2.530000000000000249e+00,1.916482748984043027e-01,-9.974264991313640527e-01,6.068367081832450438e+00,1.186925886252831130e+00
2.540000000000000036e+00,2.519330837327977135e-01,-9.836869415780065129e-01,5.984728680164532300e+00,1.560396458873891001e+00
2.550000000000000266e+00,3.112681533786648136e-01,-9.662394938697812519e-01,5.878456085512445917e+00,1.928276320723158133e+00
2.560000000000000053e+00,3.694287903304195320e-01,-9.451467322438491525e-01,5.749891529602229490e+00,2.289233430146107473e+00
2.569999999999999840e+00,4.261940920956613921e-01,-9.204844703408620044e-01,5.599450969833599245e+00,2.641952938235063275e+00
2.580000000000000071e+00,4.813476827108403300e-01,-8.923415697099559285e-01,5.427623726113417924e+00,2.985140714953722352e+00
2.589999999999999858e+00,5.346784441415766143e-01,-8.608197147018293860e-01,5.234972018622315204e+00,3.317526946870966498e+00
2.600000000000000089e+00,5.859812425027391969e-01,-8.260331509964110586e-01,5.022130391321253384e+00,3.637869813697907517e+00
2.609999999999999876e+00,6.350576478718337192e-01,-7.881083869491781746e-01,4.789805004105175179e+00,3.944959248876076519e+00
2.620000000000000107e+00,6.817166462895518642e-01,-7.471838568985594842e-01,4.538772774786115072e+00,4.237620787246918042e+00
2.629999999999999893e+00,7.257753423453935371e-01,-7.034095455587494605e-01,4.269880350570451455e+00,4.514719500348004289e+00
2.640000000000000124e+00,7.670596505363329598e-01,-6.569465726302969877e-01,3.984042887419195544e+00,4.775164017137741190e+00
2.649999999999999911e+00,8.054049733651678089e-01,-6.079667367975558623e-01,3.682242614683394422e+00,5.017910624959872834e+00
2.660000000000000142e+00,8.406568639154415878e-01,-5.566520183498697705e-01,3.365527161728023575e+00,5.241967442338854255e+00
2.669999999999999929e+00,8.726716704050551110e-01,-5.031940397644119045e-01,3.035007622937606619e+00,5.446398651769976063e+00
2.680000000000000160e+00,9.013171599846666604e-01,-4.477934837248304101e-01,2.691856337576353120e+00,5.630328777063310142e+00
2.689999999999999947e+00,9.264731188139283535e-01,-3.906594682228669013e-01,2.337304361495625482e+00,5.792946986054836600e+00
2.700000000000000178e+00,9.480319252231165228e-01,-3.320088786011093918e-01,1.972638608681260619e+00,5.933511395656029919e+00
2.709999999999999964e+00,9.658990925547731310e-01,-2.720656566447197666e-01,1.599198642149006311e+00,6.051353352327739188e+00
2.720000000000000195e+00,9.799937780849002911e-01,-2.110600471184720939e-01,1.218373095759889502e+00,6.145881657196852643e+00
2.729999999999999982e+00,9.902492542516586616e-01,-1.492278024722273055e-01,8.315957111642844346e-01,6.216586701255164549e+00
2.740000000000000213e+00,9.966133382772356386e-01,-8.680934680178667429e-02,4.403409773112305081e-01,6.263044472467298895e+00
2.750000000000000000e+00,9.990487761615305384e-01,-2.404890055082099798e-02,4.611936378553127547e-02,6.284920393254265214e+00
2.760000000000000231e+00,9.975335769605163661e-01,3.880643212971104927e-02,-3.495278563452634546e-01,6.281972943803334708e+00
2.770000000000000018e+00,9.920612932434388354e-01,1.015076109894895579e-01,-7.450341934972889435e-01,6.254057024080241334e+00
2.780000000000000249e+00,9.826412436569961217e-01,1.638046393970573056e-01,-1.138813932137960894e+00,6.201127005385840718e+00
2.790000000000000036e+00,9.692986736164760364e-01,2.254475728121906053e-01,-1.529268512717167017e+00,6.123239420906055663e+00
2.800000000000000266e+00,9.520748502980780348e-01,2.861875521468357220e-01,-1.914793286278630324e+00,6.020555244048366283e+00
2.810000000000000053e+00,9.310270883270967968e-01,3.457778576371101087e-01,-2.293784616289494593e+00,5.893341703531314479e+00
2.819999999999999840e+00,9.062287028461044613e-01,4.039749783431637042e-01,-2.664647295221509893e+00,5.741973585277166059e+00
2.830000000000000071e+00,8.777688870073925287e-01,4.605396919036642833e-01,-3.025802236310734195e+00,5.566933973220085541e+00
2.839999999999999858e+00,8.457525113650494752e-01,5.152381487073695032e-01,-3.375694393855128261e+00,5.368814384234084081e+00
2.850000000000000089e+00,8.102998431430095128e-01,5.678429542161409493e-01,-3.712800858535593385e+00,5.148314256536568045e+00
2.859999999999999876e+00,7.715461839234477592e-01,6.181342427924894078e-01,-4.035639067731416674e+00,4.906239756140441166e+00
2.870000000000000107e+00,7.296414249305762656e-01,6.659007360608896198e-01,-4.342775064818194863e+00,4.643501872188723567e+00
2.879999999999999893e+00,6.847495197720171456e-01,7.109407785758722342e-01,-4.632831736159503500e+00,4.361113779259539136e+00
2.890000000000000124e+00,6.370478752355833718e-01,7.530633433908364704e-01,-4.904496950104069164e+00,4.060187452893955218e+00
2.899999999999999911e+00,5.867266615138803099e-01,7.920890000282007071e-01,-5.156531518939830860e+00,3.741929533561219046e+00
2.910000000000000142e+00,5.339880440315274424e-01,8.278508373511920260e-01,-5.387776902581755678e+00,3.407636443891595146e+00
2.919999999999999929e+00,4.790453398674736074e-01,8.601953339359784678e-01,-5.597162571906759254e+00,3.058688774104091124e+00
2.930000000000000160e+00,4.221221025842240571e-01,8.889831687438106700e-01,-5.783712950194627389e+00,2.696544960937800273e+00
2.939999999999999947e+00,3.634511400823645100e-01,9.140899651981396756e-01,-5.946553853153984548e+00,2.322734295844011587e+00
2.950000000000000178e+00,3.032734708776333443e-01,9.354069621808369650e-01,-6.084918351535817393e+00,1.938849308479923650e+00
2.959999999999999964e+00,2.418372249339495739e-01,9.528416059718207709e-01,-6.198151985352613913e+00,1.546537581424402230e+00
2.970000000000000195e+00,1.793964958645578589e-01,9.663180577623526890e-01,-6.285717265175669866e+00,1.147493061272413017e+00
2.979999999999999982e+00,1.162101519208558614e-01,9.757776120664087838e-01,-6.347197403781337677e+00,7.434469396261857987e-01
2.990000000000000213e+00,5.254061371172991102e-02,9.811790221270132450e-01,-6.382299230423024383e+00,3.361581847725261807e-01
3.000000000000000000e+00,-1.134739297589662521e-02,9.824987292533703398e-01,-6.390855250046026725e+00,-7.259618917446281072e-02
3.010000000000000231e+00,-7.518810056144091536e-02,9.797309939163934001e-01,-6.372824820630310860e+00,-4.810310243381276663e-01
3.020000000000000018e+00,-1.387159703547976852e-01,9.728879273597456079e-01,-6.328294433308756517e+00,-8.873629980418966667e-01
3.030000000000000249e+00,-2.016669615403113847e-01,9.619994234346722628e-01,-6.257477091712438266e+00,-1.289820583024719136e+00
3.040000000000000036e+00,-2.637797894845526070e-01,9.471129913230301733e-01,-6.160710798876042560e+00,-1.686653893612258370e+00
3.050000000000000266e+00,-3.247971645338545432e-01,9.282934907571828154e-01,-6.038456171728999067e+00,-2.076144324568436339e+00
3.060000000000000053e+00,-3.844670027244471711e-01,9.056227722613324760e-01,-5.891293214440994852e+00,-2.456613892991255543e+00
3.070000000000000284e+00,-4.425436001940667441e-01,8.791992258106904323e-01,-5.719917292438825740e+00,-2.826434198774040674e+00
3.080000000000000071e+00,-4.987887635510375728e-01,8.491372421181313523e-01,-5.525134358542396207e+00,-3.184034925688596029e+00
3.089999999999999858e+00,-5.529728890148541964e-01,8.155665914996969024e-01,-5.307855491187998709e+00,-3.527911812885937692e+00
3.100000000000000089e+00,-6.048759837793090677e-01,7.786317259294650572e-01,-5.069090811958860243e+00,-3.856634035350911205e+00
3.109999999999999876e+00,-6.542886237519045523e-01,7.384910104619593074e-01,-4.809942855507505222e+00,-4.168850941366260443e+00
3.120000000000000107e+00,-7.010128425773604066e-01,6.953158906698283515e-01,-4.531599469354396170e+00,-4.463298105104102298e+00
3.129999999999999893e+00,-7.448629476436239294e-01,6.492900031117408988e-01,-4.235326323947371741e+00,-4.738802662828279999e+00
3.140000000000000124e+00,-7.856662595809049687e-01,6.006082361084713606e-01,-3.922459114772533173e+00,-4.994287911623066734e+00
3.149999999999999911e+00,-8.232637725831472020e-01,5.494757482644769819e-01,-3.594395538264228307e+00,-5.228777159836035970e+00
3.160000000000000142e+00,-8.575107336928841084e-01,4.961069522305379675e-01,-3.252587121849275675e+00,-5.441396828326579893e+00
3.169999999999999929e+00,-8.882771399814527458e-01,4.407244711648969915e-01,-2.898530985788619230e+00,-5.631378810959771108e+00
3.180000000000000160e+00,-9.154481533150989891e-01,3.835580752221613432e-01,-2.533761610682897736e+00,-5.798062111417838338e+00
3.189999999999999947e+00,-9.389244331131192389e-01,3.248436051888652920e-01,-2.159842679740437532e+00,-5.940893781187562617e+00
3.200000000000000178e+00,-9.586223881679504233e-01,2.648218901010164772e-01,-1.778359059333138870e+00,-6.059429190421409039e+00
3.209999999999999964e+00,-9.744743492018496100e-01,2.037376653320051578e-01,-1.390908975160366712e+00,-6.153331669194427533e+00
3.220000000000000195e+00,-9.864286643750470596e-01,1.418384972393095522e-01,-9.990964346770898619e-01,-6.222371561449499211e+00
3.229999999999999982e+00,-9.944497204322748640e-01,7.937372001609258043e-02,-6.045239394897323759e-01,-6.266424737630615915e+00
3.240000000000000213e+00,-9.985178925762934199e-01,1.659338991962751308e-02,-2.087855243425246754e-01,-6.285470614663868361e+00
3.250000000000000000e+00,-9.986294264879356231e-01,-4.625273844719121619e-02,1.865398477426356560e-01,-6.279589733597833678e+00
3.260000000000000231e+00,-9.947962561731534814e-01,-1.089162096324006040e-01,5.798945115149800600e-01,-6.248960945917551690e+00
3.270000000000000018e+00,-9.870457615107263161e-01,-1.711508349507221138e-01,9.697479307083893829e-01,-6.193858259373258512e+00
3.280000000000000249e+00,-9.754204695028970695e-01,-2.327136270638907323e-01,1.354602124659847862e+00,-6.114647393202200298e+00
3.290000000000000036e+00,-9.599777032993530579e-01,-2.933656988619861572e-01,1.732996686387607399e+00,-6.011782090962829450e+00
3.300000000000000266e+00,-9.407891830774779418e-01,-3.528731244535833200e-01,2.103513393487386196e+00,-5.885800236943738994e+00
3.310000000000000053e+00,-9.179405828240176923e-01,-4.110077605187868466e-01,2.464780417953666092e+00,-5.737319819354453010e+00
3.320000000000000284e+00,-8.915310469809215599e-01,-4.675480266958292330e-01,2.815476145199661051e+00,-5.567034780349928269e+00
3.330000000000000071e+00,-8.616726707970375765e-01,-5.222796440553730823e-01,3.154332616121263477e+00,-5.375710789480090845e+00
3.339999999999999858e+00,-8.284899480735163912e-01,-5.749963310643573244e-01,3.480138609027706664e+00,-5.164180973479135517e+00
3.350000000000000089e+00,-7.921191898101012097e-01,-6.255004567514306224e-01,3.791742380656467404e+00,-4.933341631499136071e+00
3.359999999999999876e+00,-7.527079170576821410e-01,-6.736036510577579906e-01,4.088054087322912089e+00,-4.684147961023376716e+00
3.370000000000000107e+00,-7.104142310650600756e-01,-7.191273725900244607e-01,4.368047908554514969e+00,-4.417609815833060338e+00
3.379999999999999893e+00,-6.654061635799612962e-01,-7.619034341871577798e-01,4.630763896358746301e+00,-4.134787513604430309e+00
3.390000000000000124e+00,-6.178610099307955128e-01,-8.017744868695577676e-01,4.875309573610381086e+00,-3.836787707031154682e+00
3.399999999999999911e+00,-5.679646472808780322e-01,-8.385944628608075213e-01,5.100861304957757802e+00,-3.524759328840182615e+00
3.410000000000000142e+00,-5.159108402148732120e-01,-8.722289784586829686e-01,5.306665463179140119e+00,-3.199889617731769498e+00
3.419999999999999929e+00,-4.619005355916742661e-01,-9.025556975867984333e-01,5.492039413110498813e+00,-2.863400229152451182e+00
3.430000000000000160e+00,-4.061411483820339674e-01,-9.294646568826939736e-01,5.656372334154449177e+00,-2.516543431923867757e+00
3.439999999999999947e+00,-3.488458400058218056e-01,-9.528585531750202176e-01,5.799125901004762440e+00,-2.160598389115428564e+00
3.450000000000000178e+00,-2.902327904952671789e-01,-9.726529941742763086e-01,5.919834840617864913e+00,-1.796867519175351147e+00
3.459999999999999964e+00,-2.305244656390593172e-01,-9.887767131509594964e-01,6.018107381665458000e+00,-1.426672931229345798e+00
3.470000000000000195e+00,-1.699468801094989878e-01,-1.001171748304686471e+00,6.093625610741876919e+00,-1.051352926623001061e+00
3.479999999999999982e+00,-1.087288574425242516e-01,-1.009793587440589890e+00,6.146145747504404788e+00,-6.722585572244821339e-01
3.490000000000000213e+00,-4.710128762957882520e-02,-1.014611278467804967e+00,6.175498348720417141e+00,-2.907502297186672635e-01
3.500000000000000000e+00,1.470361700807389788e-02,-1.015607506121889214e+00,6.181588448905716682e+00,9.180565588830719159e-02
3.510000000000000231e+00,7.645306705712391626e-02,-1.012778635191280419e+00,6.164395642885580173e+00,4.740400460750486822e-01
3.520000000000000018e+00,1.379144417979838999e-01,-1.006134720400122529e+00,6.123974113214196713e+00,8.545845649111398767e-01
3.530000000000000249e+00,1.988560349917468661e-01,-9.956994829686761639e-01,6.060452602968692482e+00,1.232074849651572546e+00
3.540000000000000036e+00,2.590478001145734011e-01,-9.815102537407784933e-01,5.974034332009431125e+00,1.605153903935496285e+00
3.550000000000000266e+00,3.182620944546044051e-01,-9.636178826381467388e-01,5.864996852387440285e+00,1.972475481363069827e+00
3.560000000000000053e+00,3.762744214313907820e-01,-9.420866140764152519e-01,5.733691836201595393e+00,2.332707511610607298e+00
3.570000000000000284e+00,4.328641704191876771e-01,-9.169939278603949084e-01,5.580544786882518871e+00,2.684535580358116569e+00
3.580000000000000071e+00,4.878153532539145631e-01,-8.884303449688677468e-01,5.406054662628284824e+00,3.026666473143387215e+00
3.589999999999999858e+00,5.409173364799766404e-01,-8.564991975450283457e-01,5.210793398561898826e+00,3.357831791821842327e+00
3.600000000000000089e+00,5.919655682485783776e-01,-8.213163623302041083e-01,4.995405312147334520e+00,3.676791650600961248e+00
3.609999999999999876e+00,6.407622986149816846e-01,-7.830099567184896081e-01,4.760606374517078798e+00,3.982338456632960266e+00
3.620000000000000107e+00,6.871172918000187924e-01,-7.417199965711420706e-01,4.507183328659746024e+00,4.273300777892186098e+00
3.629999999999999893e+00,7.308485287830124300e-01,-6.975980149147108511e-01,4.235992633924026585e+00,4.548547298539572736e+00
3.640000000000000124e+00,7.717828983813839194e-01,-6.508066406585388819e-01,3.947959215050224735e+00,4.806990859194068655e+00
3.649999999999999911e+00,8.097568747492945862e-01,-6.015191365079999297e-01,3.644074992980442573e+00,5.047592576502974993e+00
3.660000000000000142e+00,8.446171789967195087e-01,-5.499188953219984466e-01,3.325397174062483696e+00,5.269366033147425910e+00
3.669999999999999929e+00,8.762214223948328051e-01,-4.961988942690179205e-01,2.993046273991483375e+00,5.471381525959527536e+00
3.680000000000000160e+00,9.044387283973468472e-01,-4.405611062772540887e-01,2.648203852968381344e+00,5.652770356194312562e+00
3.689999999999999947e+00,9.291503304747644743e-01,-3.832158684526673631e-01,2.292109939136348640e+00,5.812729142230495860e+00
3.700000000000000178e+00,9.502501425340321717e-01,-3.243812073552674868e-01,1.926060118424188783e+00,5.950524131114804050e+00
3.709999999999999964e+00,9.676452984848696870e-01,-2.642821212792416663e-01,1.551402270515459092e+00,6.065495481469646677e+00
3.720000000000000195e+00,9.812566573214751564e-01,-2.031498199767050594e-01,1.169532932804734360e+00,6.157061486415931206e+00
3.729999999999999982e+00,9.910192699200195410e-01,-1.412209225972702875e-01,7.818932769227076029e-01,6.224722701393329949e+00
3.740000000000000213e+00,9.968828036142211024e-01,-7.873661498492443012e-02,3.899646857259324584e-01,6.268065938168772000e+00
3.750000000000000000e+00,9.988119205092998998e-01,-1.594176787766106440e-02,-4.736077439160657487e-03,6.286768082997302720e+00
3.760000000000000231e+00,9.967866054347349625e-01,4.691598200916922978e-02,-4.006621108812099541e-01,6.280599693930771110e+00
3.770000000000000018e+00,9.908024394243231114e-01,1.095871855718164312e-01,-7.962420267212096947e-01,6.249428329756613998e+00
3.780000000000000249e+00,9.808708146536269101e-01,1.718215666499728345e-01,-1.189886006049368561e+00,6.193221561091363014e+00
3.790000000000000036e+00,9.670190868651130645e-01,2.333690356702393387e-01,-1.579992243969992272e+00,6.112049612851174984e+00
3.800000000000000266e+00,9.492906614745970639e-01,2.939807276587752538e-01,-1.964953764913343504e+00,6.006087586771513109e+00
3.810000000000000053e+00,9.277450097827049103e-01,3.534100601681428033e-01,-2.343165581763853922e+00,5.875617212940240641e+00
3.820000000000000284e+00,9.024576120146002856e-01,4.114138061582765515e-01,-2.713032165313627342e+00,5.721028080523098858e+00
3.830000000000000071e+00,8.735198242816990533e-01,4.677531763834630318e-01,-3.072975183425881607e+00,5.542818300064038972e+00
3.839999999999999858e+00,8.410386670006360088e-01,5.221949053763539350e-01,-3.421441462227947206e+00,5.341594552983672806e+00
3.850000000000000089e+00,8.051365328160002832e-01,5.745123346968825651e-01,-3.756911114804475815e+00,5.118071488204289921e+00
3.859999999999999876e+00,7.659508126513224768e-01,6.244864867391882735e-01,-4.077905776395750692e+00,4.873070431201635522e+00
3.870000000000000107e+00,7.236334391527863286e-01,6.719071220738345174e-01,-4.382996879196817908e+00,4.607517377196485242e+00
3.879999999999999893e+00,6.783503474857141002e-01,7.165737730558970897e-01,-4.670813894675343469e+00,4.322440247597545415e+00
3.890000000000000124e+00,6.302808541868599734e-01,7.582967462613493526e-01,-4.940052467050220386e+00,4.018965397104891757e+00
3.899999999999999911e+00,5.796169555561156983e-01,7.968980862330072856e-01,-5.189482358359641445e+00,3.698313367962076992e+00
3.910000000000000142e+00,5.265625478780172619e-01,8.322124930302194912e-01,-5.417955123540994400e+00,3.361793897557094901e+00
3.919999999999999929e+00,4.713325725837480551e-01,8.640881861889706528e-01,-5.624411433267628269e+00,3.010800195741304197e+00
3.930000000000000160e+00,4.141520902843697782e-01,8.923877079146882441e-01,-5.807887963033415701e+00,2.646802518660599013e+00
3.939999999999999947e+00,3.552552884112173959e-01,9.169886586502913328e-01,-5.967523769205949513e+00,2.271341076354328248e+00
3.950000000000000178e+00,2.948844279747759867e-01,9.377843585860899944e-01,-6.102566076506623638e+00,1.886018321640986484e+00
3.959999999999999964e+00,2.332887356838919124e-01,9.546844292028598966e-01,-6.212375406603826811e+00,1.492490677635174290e+00
3.970000000000000195e+00,1.707232483382107868e-01,9.676152895592078362e-01,-6.296429984164914728e+00,1.092459770388447771e+00
3.979999999999999982e+00,1.074476170044372098e-01,9.765205627412656408e-01,-6.354329364702398841e+00,6.876632413873295935e-01
3.990000000000000213e+00,4.372487899874717698e-02,9.813613886766568983e-01,-6.385797237728200848e+00,2.798652217619385651e-01
4.000000000000000000e+00,-2.017979388757007442e-02,9.821166403633986297e-01,-6.390683368918072205e+00,-1.291534441295850155e-01
4.009999999999999787e+00,-8.400036217347624234e-02,9.787830414640384946e-01,-6.368964655975274169e+00,-5.376051337285092657e-01
4.020000000000000462e+00,-1.474711915429841591e-01,9.713751841506191864e-01,-6.320745284431305677e+00,-9.437054451379638387e-01
4.030000000000000249e+00,-2.103283227492535601e-01,9.599254470407614370e-01,-6.246255981476419805e+00,-1.345683163937477334e+00
4.040000000000000036e+00,-2.723107295882479240e-01,9.444838140224923739e-01,-6.145852377808286526e+00,-1.741790102649174221e+00
4.049999999999999822e+00,-3.331615561206741072e-01,9.251175957085741031e-01,-6.020012499156564445e+00,-2.130310719809957565e+00
4.060000000000000497e+00,-3.926293245938622389e-01,9.019110561735593778e-01,-5.869333420325035355e+00,-2.509571429468666626e+00
4.070000000000000284e+00,-4.504691058965772377e-01,8.749649484930108745e-01,-5.694527125048008287e+00,-2.877949517295907089e+00
4.080000000000000071e+00,-5.064436448610736274e-01,8.443959634099202916e-01,-5.496415624464511041e+00,-3.233881586221787341e+00
4.089999999999999858e+00,-5.603244332975618747e-01,8.103360961856371780e-01,-5.275925395383427308e+00,-3.575871462424079716e+00
4.099999999999999645e+00,-6.118927242944774969e-01,7.729319373407699256e-01,-5.034081206592124325e+00,-3.902497501370258526e+00
4.110000000000000320e+00,-6.609404820300314176e-01,7.323438935469394062e-01,-4.771999407136848781e+00,-4.212419243245787648e+00
4.120000000000000107e+00,-7.072712621020399437e-01,6.887453453866348996e-01,-4.490880754703613142e+00,-4.504383377240817055e+00
4.129999999999999893e+00,-7.507010181790539916e-01,6.423217490518466910e-01,-4.192002864923964012e+00,-4.777228984577533311e+00
4.139999999999999680e+00,-7.910588315912998603e-01,5.932696893011052408e-01,-3.876712363632556890e+00,-5.029892040604642567e+00
4.150000000000000355e+00,-8.281875613002027681e-01,5.417958911398370603e-01,-3.546416823862800882e+00,-5.261409166539226412e+00
4.160000000000000142e+00,-8.619444124962437614e-01,4.881161977335092828e-01,-3.202576567767442928e+00,-5.470920631292814029e+00
4.169999999999999929e+00,-8.922014228635672950e-01,4.324545220117841926e-01,-2.846696410806930366e+00,-5.657672613094257841e+00
4.179999999999999716e+00,-9.188458663043320707e-01,3.750417792814610962e-01,-2.480317421597720173e+00,-5.821018739160294331e+00
4.190000000000000391e+00,-9.417805746259785282e-01,3.161148079443744097e-01,-2.105008765911434043e+00,-5.960420929338601681e+00
4.200000000000000178e+00,-9.609241783517056268e-01,2.559152851227967096e-01,-1.722359697631729691e+00,-6.075449576361934056e+00
4.209999999999999964e+00,-9.762112684115346051e-01,1.946886436392126218e-01,-1.333971753182626507e+00,-6.165783101040887004e+00
4.219999999999999751e+00,-9.875924810031737611e-01,1.326829963900273690e-01,-9.414511992136878060e-01,-6.231206925352818615e+00
4.230000000000000426e+00,-9.950345083749819741e-01,7.014807370449543944e-02,-5.464017763329724886e-01,-6.271611909949404762e+00
4.240000000000000213e+00,-9.985200386758055213e-01,7.334178801473842380e-03,-1.504177745778873532e-01,-6.286992305125056468e+00
4.250000000000000000e+00,-9.980476283380153024e-01,-5.550883404222303752e-02,2.449225307458431922e-01,-6.277443265805197292e+00
4.259999999999999787e+00,-9.936315107117842382e-01,-1.181325545073217825e-01,6.380630611142099617e-01,-6.243157981688160163e+00
4.270000000000000462e+00,-9.853013448528258333e-01,-1.802909808374821843e-01,1.027475719581407487e+00,-6.184424473383335119e+00
4.280000000000000249e+00,-9.731019084858291146e-01,-2.417414509443329418e-01,1.411665769397492554e+00,-6.101622104318367157e+00
4.290000000000000036e+00,-9.570927392259143129e-01,-3.022455374114120796e-01,1.789176803278727634e+00,-5.995217856434456927e+00
4.299999999999999822e+00,-9.373477281454962728e-01,-3.615699042652417705e-01,2.158595305399474640e+00,-5.865762415349971448e+00
4.310000000000000497e+00,-9.139546697294149702e-01,-4.194871238248377709e-01,2.518554812850874569e+00,-5.713886107848474616e+00
4.320000000000000284e+00,-8.870147721728040002e-01,-4.757764523537698076e-01,2.867739687401722914e+00,-5.540294731336074641e+00
4.330000000000000071e+00,-8.566421318498607107e-01,-5.302245636180508148e-01,3.204888511890263469e+00,-5.345765311408939624e+00
4.339999999999999858e+00,-8.229631756234142559e-01,-5.826262397961612383e-01,3.528797128474307598e+00,-5.131141819963488615e+00
4.350000000000000533e+00,-7.861160744808550760e-01,-6.327850194927810978e-01,3.838321338284214956e+00,-4.897330882450748213e+00
4.360000000000000320e+00,-7.462501317772987086e-01,-6.805138028744541767e-01,4.132379283780911017e+00,-4.645297498996279195e+00
4.370000000000000107e+00,-7.035251491472684915e-01,-7.256354141732860308e-01,4.409953536348361069e+00,-4.376060800243286586e+00
4.379999999999999893e+00,-6.581107729168270692e-01,-7.679831219943412668e-01,4.670092912381081263e+00,-4.090689854985600782e+00
4.389999999999999680e+00,-6.101858236137447378e-01,-8.074011180146212219e-01,4.911914041400329722e+00,-3.790299542987492387e+00
4.400000000000000355e+00,-5.599376109383392697e-01,-8.437449547777998715e-01,5.134602709587547054e+00,-3.476046502878785915e+00
4.410000000000000142e+00,-5.075612363260415538e-01,-8.768819433710502986e-01,5.337415001601395481e+00,-3.149125161699112052e+00
4.419999999999999929e+00,-4.532588850080955245e-01,-9.066915118203764390e-01,5.519678262685978609e+00,-2.810763849570031780e+00
4.429999999999999716e+00,-3.972391092622626907e-01,-9.330655250611809004e-01,5.680791901922155773e+00,-2.462221000117799985e+00
4.440000000000000391e+00,-3.397161043437400552e-01,-9.559085673338068023e-01,5.820228056059164601e+00,-2.104781434667053919e+00
4.450000000000000178e+00,-2.809089784001370105e-01,-9.751381878220864996e-01,5.937532131725756557e+00,-1.739752725886620777e+00
4.459999999999999964e+00,-2.210410175053448278e-01,-9.906851102991754976e-01,6.032323241991946361e+00,-1.368461634499258839e+00
4.469999999999999751e+00,-1.603389467972268778e-01,-1.002493407471863662e+00,6.104294551264999313e+00,-9.922506108710389405e-01
4.480000000000000426e+00,-9.903218857470375003e-02,-1.010520640624883448e+00,6.153213540384482982e+00,-6.124743517746795707e-01
4.490000000000000213e+00,-3.735211810219047496e-02,-1.014737965063216674e+00,6.178922201556855676e+00,-2.304964013745882112e-01
4.500000000000000000e+00,2.446868221560109802e-02,-1.015130201735795712e+00,6.181337170463637953e+00,1.523142154911326651e-01
4.509999999999999787e+00,8.619716968704271842e-02,-1.011695875301019010e+00,6.160449800510448881e+00,5.345863403559136806e-01
4.520000000000000462e+00,1.476005886513769294e-01,-1.004447218765900596e+00,6.116326181777321125e+00,9.149500215488446386e-01
4.530000000000000249e+00,2.084472177106229951e-01,-9.934101446991461248e-01,6.049107104803058022e+00,1.292039861205486195e+00
4.540000000000000036e+00,2.685071163144984174e-01,-9.786241828867203729e-01,5.959007966906647802e+00,1.664498381958145812e+00
4.549999999999999822e+00,3.275528701022087374e-01,-9.601423841692446892e-01,5.846318616335724805e+00,2.030979426011850553e+00
4.560000000000000497e+00,3.853603343459464647e-01,-9.380311900765673228e-01,5.711403127154947690e+00,2.390151598653297071e+00
4.570000000000000284e+00,4.417093747584204255e-01,-9.123702677588045873e-01,5.554699495466141279e+00,2.740701767307428316e+00
4.580000000000000071e+00,4.963846048213767514e-01,-8.832523096078092051e-01,5.376719245308748008e+00,3.081338626048670370e+00
4.589999999999999858e+00,5.491761186647646786e-01,-8.507827968711322297e-01,5.178046930446970286e+00,3.410796333990207430e+00
4.600000000000000533e+00,5.998802183780820307e-01,-8.150797264848738122e-01,4.959339516234538614e+00,3.727838234214678081e+00
4.610000000000000320e+00,6.483001344679116817e-01,-7.762733002951218708e-01,4.721325623887337564e+00,4.031260657874432773e+00
4.620000000000000107e+00,6.942467379904282421e-01,-7.345055758027004833e-01,4.464804617818725063e+00,4.319896815782004573e+00
4.629999999999999893e+00,7.375392426867330986e-01,-6.899300775553797171e-01,4.190645515235539520e+00,4.592620777237481633e+00
4.639999999999999680e+00,7.780058952346249335e-01,-6.427113683281651113e-01,3.899785695990136247e+00,4.848351533008359304e+00
4.650000000000000355e+00,8.154846515055637068e-01,-5.930245792782921077e-01,3.593229389773398452e+00,5.086057136302745363e+00
4.660000000000000142e+00,8.498238364832562119e-01,-5.410548983394424249e-01,3.272045917155232519e+00,5.304758912277413252e+00
4.669999999999999929e+00,8.808827852640093159e-01,-4.869970162316083484e-01,2.937367660773580802e+00,5.503535723122989332e+00
4.679999999999999716e+00,9.085324623226912477e-01,-4.310545296107984869e-01,2.590387743181798985e+00,5.681528272101220800e+00
4.690000000000000391e+00,9.326560559961659669e-01,-3.734393010678993541e-01,2.232357388527947073e+00,5.837943426113091583e+00
4.700000000000000178e+00,9.531495449131608400e-01,-3.143707759095377696e-01,1.864582946396841523e+00,5.972058532498882855e+00
4.709999999999999964e+00,9.699222328908078117e-01,-2.540752559162752222e-01,1.488422557831849735e+00,6.083225701867941204e+00
4.719999999999999751e+00,9.828972486290126209e-01,-1.927851305748449484e-01,1.105282445798621449e+00,6.170876024891486011e+00
4.730000000000000426e+00,9.920120063700628155e-01,-1.307380666206721942e-01,7.166128151806032687e-01,6.234523687239238221e+00
4.740000000000000213e+00,9.972186235583914149e-01,-6.817615710307900478e-02,3.239033508208786216e-01,6.273769943281115147e+00
4.750000000000000000e+00,9.984842914401710345e-01,-5.345031596000665575e-03,-7.132169384948672253e-02,6.288306905896937415e+00
4.759999999999999787e+00,9.957915944903934502e-01,5.750707038154466433e-02,-4.675088204386060320e-01,6.277921106834306819e+00
4.770000000000000462e+00,9.891387745521172947e-01,1.201302602028340438e-01,-8.630810191317781488e-01,6.242496779625867909e+00
4.780000000000000249e+00,9.785399356241414326e-01,1.822739922066046181e-01,-1.256443904079558083e+00,6.182018815222498631e+00
4.790000000000000036e+00,9.640251853445122032e-01,2.436880834790197126e-01,-1.645992236386482510e+00,6.096575339318365039e+00
4.799999999999999822e+00,9.456407093923625551e-01,3.041237573044889841e-01,-2.030116813865248560e+00,5.986359859933286565e+00
4.810000000000000497e+00,9.234487752731256327e-01,3.633347057325490015e-01,-2.407211699832312757e+00,5.851672934266474613e+00
4.820000000000000284e+00,8.975276622646504165e-01,4.210781662042718532e-01,-2.775681756141702650e+00,5.692923305221662567e+00
4.830000000000000071e+00,8.679715146854369845e-01,4.771160066967405355e-01,-3.133950438514588654e+00,5.510628460390464056e+00
4.839999999999999858e+00,8.348901161009879557e-01,5.312158133882662892e-01,-3.480467805168891093e+00,5.305414569713671646e+00
4.850000000000000533e+00,7.984085826084978965e-01,5.831519744308129027e-01,-3.813718682945170801e+00,5.078015762542058553e+00
4.860000000000000320e+00,7.586669739304784388e-01,6.327067530502439308e-01,-4.132230928731217112e+00,4.829272710386671719e+00
4.870000000000000107e+00,7.158198216994431373e-01,6.796713428900489351e-01,-4.434583718182519618e+00,4.560130488252868375e+00
4.879999999999999893e+00,6.700355750216799855e-01,7.238468982802225282e-01,-4.719415788694019120e+00,4.271635695031527291e+00
4.889999999999999680e+00,6.214959641599436813e-01,7.650455319592740500e-01,-4.985433559469909959e+00,3.964932821882682035e+00
4.900000000000000355e+00,5.703952839624628623e-01,8.030912727121712891e-01,-5.231419048521310344e+00,3.641259866767669884e+00
4.910000000000000142e+00,5.169395994773409164e-01,8.378209754172198931e-01,-5.456237504637647007e+00,3.301943203112089886e+00
4.919999999999999929e+00,4.613458770142990772e-01,8.690851761256175312e-01,-5.658844671944415872e+00,2.948391720832181928e+00
4.929999999999999716e+00,4.038410447357780875e-01,8.967488850319347282e-01,-5.838293605666412311e+00,2.582090268426701307e+00
4.940000000000000391e+00,3.446609876619943225e-01,9.206923105331532575e-01,-5.993740960216226377e+00,2.204592435301420572e+00
4.950000000000000178e+00,2.840494827445682047e-01,9.408115080169205946e-01,-6.124452674739377045e+00,1.817512723718019307e+00
4.959999999999999964e+00,2.222570803857904509e-01,9.570189475627479680e-01,-6.229808986745416277e+00,1.422518169502025476e+00
4.969999999999999751e+00,1.595399394408998361e-01,9.692439953769786953e-01,-6.309308711372097811e+00,1.021319479666856100e+00
4.980000000000000426e+00,9.615862332522108480e-02,9.774333045051194491e-01,-6.362572732058381142e+00,6.156617631846206251e-01
4.990000000000000213e+00,3.237686534425895934e-02,9.815511111630144114e-01,-6.389346657792867035e+00,2.073149380496184246e-01
5.000000000000000000e+00,-3.153968823786180986e-02,9.815794338888206294e-01,-6.389502612471765097e+00,-2.019360966458720874e-01
