# t [yrs], x [au], y [au], vx [au/yrs], vy [au/yrs]
0.000000000000000000e+00,0.000000000000000000e+00,9.832899999999999974e-01,-6.389069387012315637e+00,0.000000000000000000e+00
1.000000000000000021e-02,-6.384647675047759596e-02,9.812491608901938722e-01,-6.375809198350944840e+00,-4.080194659456324313e-01
2.000000000000000042e-02,-1.274279608072774184e-01,9.751355389470087731e-01,-6.336091934029415285e+00,-8.142608681045975239e-01
2.999999999999999889e-02,-1.904807239446982270e-01,9.649757679029024038e-01,-6.270107030468662579e+00,-1.216956063652150366e+00
4.000000000000000083e-02,-2.527435578001778205e-01,9.508140723022950880e-01,-6.178168727516842651e+00,-1.614356657128711792e+00
5.000000000000000278e-02,-3.139590115711623497e-01,9.327120216431341593e-01,-6.060713857677344940e+00,-2.004743638417697760e+00
5.999999999999999778e-02,-3.738746033571627714e-01,9.107481894566038516e-01,-5.918298791638564538e+00,-2.386436742504806308e+00
7.000000000000000666e-02,-4.322439968990936521e-01,8.850177205376182910e-01,-5.751595579628832056e+00,-2.757803445853004298e+00
8.000000000000000167e-02,-4.888281359129352799e-01,8.556318103603707259e-01,-5.561387337900291605e+00,-3.117267520452647656e+00
8.999999999999999667e-02,-5.433963287523320140e-01,8.227171014662665316e-01,-5.348562938360196917e+00,-3.463317074066782908e+00
1.000000000000000056e-01,-5.957272767534308455e-01,7.864150022846413401e-01,-5.114111066852386145e+00,-3.794512013692102670e+00
1.100000000000000006e-01,-6.456100403020981204e-01,7.468809344304390141e-01,-4.859113721718888002e+00,-4.109490878578611728e+00
1.199999999999999956e-01,-6.928449374046026232e-01,7.042835150104228559e-01,-4.584739228955919010e+00,-4.406976999063861200e+00
1.300000000000000044e-01,-7.372443703232248735e-01,6.588036808558033197e-01,-4.292234853475970446e+00,-4.685783947742502953e+00
1.400000000000000133e-01,-7.786335766431435879e-01,6.106337618820548707e-01,-3.982919087695535598e+00,-4.944820259872406254e+00
1.499999999999999944e-01,-8.168513019516019380e-01,5.599765109561576359e-01,-3.658173698922616790e+00,-5.183093410187149530e+00
1.600000000000000033e-01,-8.517503921205772377e-01,5.070440977297215879e-01,-3.319435615891652258e+00,-5.399713043229446008e+00
1.700000000000000122e-01,-8.831983039766464483e-01,4.520570738776561459e-01,-2.968188732389038798e+00,-5.593893463750237771e+00
1.799999999999999933e-01,-9.110775339043023502e-01,3.952433170722190470e-01,-2.605955702359144865e+00,-5.764955402468538104e+00
1.900000000000000022e-01,-9.352859646508744351e-01,3.368369608289308870e-01,-2.234289796327589617e+00,-5.912327080421047043e+00
2.000000000000000111e-01,-9.557371312732548807e-01,2.770773170926889573e-01,-1.854766883588583548e+00,-6.035544602141989401e+00
2.099999999999999922e-01,-9.723604077812987301e-01,2.162077980990868564e-01,-1.468977598547102748e+00,-6.134251713927429073e+00
2.200000000000000011e-01,-9.851011165842699091e-01,1.544748436576671435e-01,-1.078519743057607450e+00,-6.208198968409951668e+00
2.300000000000000100e-01,-9.939205633309612375e-01,9.212685957112581869e-02,-6.849909697288316668e-01,-6.257242340583314189e+00
2.399999999999999911e-01,-9.987960001487151684e-01,2.941317243789752511e-02,-2.899817841311774225e-01,-6.281341343283330936e+00
2.500000000000000000e-01,-9.997205206306726266e-01,-3.341699440460556281e-02,1.049311031997238741e-01,-6.280556691985113460e+00
2.600000000000000089e-01,-9.967028901947722064e-01,-9.611551954267752440e-02,4.981910509862318981e-01,-6.255047569672139041e+00
2.700000000000000178e-01,-9.897673156441918474e-01,-1.584363530097993855e-01,8.882673703518614294e-01,-6.205068542539992293e+00
2.800000000000000266e-01,-9.789531579000537720e-01,-2.201364534300653542e-01,1.273660805899544668e+00,-6.130966176500035836e+00
2.899999999999999800e-01,-9.643145919572243541e-01,-2.809766900333554585e-01,1.652908609630468373e+00,-6.033175402937459353e+00
2.999999999999999889e-01,-9.459202181375788721e-01,-3.407227072684375635e-01,2.024589208002598895e+00,-5.912215680051143174e+00
3.099999999999999978e-01,-9.238526286873945947e-01,-3.991457501906244820e-01,2.387326467277666175e+00,-5.768686993458572942e+00
3.200000000000000067e-01,-8.982079336921856560e-01,-4.560234492224375380e-01,2.739793566580390749e+00,-5.603265736685999698e+00
3.300000000000000155e-01,-8.690952501691366905e-01,-5.111405632752280548e-01,3.080716491778535016e+00,-5.416700508777257284e+00
3.400000000000000244e-01,-8.366361580502527096e-01,-5.642896805740978960e-01,3.408877166384829405e+00,-5.209807862634305842e+00
3.500000000000000333e-01,-8.009641265943066024e-01,-6.152718768458332876e-01,3.723116238191292116e+00,-4.983468033932195063e+00
3.599999999999999867e-01,-7.622239145683727957e-01,-6.638973308088012004e-01,4.022335542291906485e+00,-4.738620676606802640e+00
3.699999999999999956e-01,-7.205709473257009279e-01,-7.099858971444698019e-01,4.305500262557655944e+00,-4.476260627063176400e+00
3.800000000000000044e-01,-6.761706736811223806e-01,-7.533676373326375630e-01,4.571640814530998576e+00,-4.197433715454924830e+00
3.900000000000000133e-01,-6.291979052529634853e-01,-7.938833088973884511e-01,4.819854473141607976e+00,-3.903232638691664480e+00
4.000000000000000222e-01,-5.798361407060529382e-01,-8.313848137394883597e-01,5.049306768650786204e+00,-3.594792906284693501e+00
4.100000000000000311e-01,-5.282768770979447970e-01,-8.657356063250489786e-01,5.259232673848923234e+00,-3.273288866775684092e+00
4.199999999999999845e-01,-4.747189103036160707e-01,-8.968110625617683462e-01,5.448937604799264811e+00,-2.939929819337090855e+00
4.299999999999999933e-01,-4.193676262759238882e-01,-9.244988102251192608e-01,5.617798256381960620e+00,-2.595956212207596980e+00
4.400000000000000022e-01,-3.624342846929010098e-01,-9.486990217998824138e-01,5.765263292583205690e+00,-2.242635926947178504e+00
4.500000000000000111e-01,-3.041352963510559060e-01,-9.693246705799483109e-01,5.890853909931516696e+00,-1.881260645075426563e+00
4.600000000000000200e-01,-2.446914954883814830e-01,-9.863017508239417808e-01,5.994164290740796375e+00,-1.513142291500991110e+00
4.700000000000000289e-01,-1.843274080636060630e-01,-9.995694626986478815e-01,6.074861960909093916e+00,-1.139609547263600753e+00
4.799999999999999822e-01,-1.232705168808774510e-01,-1.009080362659128038e+00,6.132688064971770991e+00,-7.620044224950432987e-01
4.899999999999999911e-01,-6.175052433281678216e-02,-1.014800479816537981e+00,6.167457568944277213e+00,-3.816788791620608912e-01
5.000000000000000000e-01,1.386559274313414747e-06,-1.016709398734698455e+00,6.179059399237091021e+00,8.507918385414203755e-06
5.100000000000000089e-01,6.175329220054322915e-02,-1.014800308977139354e+00,6.167456523605466145e+00,3.816958641037819788e-01
5.200000000000000178e-01,1.232732690133663545e-01,-1.009080021600316845e+00,6.132685977729940952e+00,7.620213148372603218e-01
5.300000000000000266e-01,1.843301340280967260e-01,-9.995689526586833962e-01,6.074858838629293878e+00,1.139626285558783758e+00
5.400000000000000355e-01,2.446941849380963319e-01,-9.863010736559312264e-01,5.994160143704235999e+00,1.513158814729782975e+00
5.500000000000000444e-01,3.041379390593663690e-01,-9.693238287467087488e-01,5.890848751815842554e+00,1.881276892817829838e+00
5.600000000000000533e-01,3.624368705872647034e-01,-9.486980183670908895e-01,5.765257140436042427e+00,2.242651839553642112e+00
5.700000000000000622e-01,4.193701454715256793e-01,-9.244976488527518743e-01,5.617791130587603377e+00,2.595971730969942382e+00
5.799999999999999600e-01,4.747213531366441530e-01,-8.968097474938303559e-01,5.448929529038356812e+00,2.939944886659204393e+00
5.899999999999999689e-01,5.282792341584314766e-01,-8.657341423775970490e-01,5.259223675050941793e+00,3.273303426343868061e+00
5.999999999999999778e-01,5.798384028702071591e-01,-8.313832062869499495e-01,5.049296876939128431e+00,3.594806903237544482e+00
6.099999999999999867e-01,6.292000637149208764e-01,-7.938815638571816713e-01,4.819843721771047029e+00,3.903246019789313515e+00
6.199999999999999956e-01,6.761727199840351643e-01,-7.533657611480992777e-01,4.571629239817271539e+00,4.197446429247432498e+00
6.300000000000000044e-01,7.205728733920879758e-01,-7.099838967661001865e-01,4.305487903798918659e+00,4.476272624057838101e+00
6.400000000000000133e-01,7.622257127296473422e-01,-6.638952136738363041e-01,4.022322441681800420e+00,4.738631909434072753e+00
6.500000000000000222e-01,8.009657896193963511e-01,-6.152696508561601441e-01,3.723102440723341733e+00,4.983478457509891157e+00
6.600000000000000311e-01,8.366376791732241802e-01,-5.642873540725305004e-01,3.408862719747912440e+00,5.209817434329702124e+00
6.700000000000000400e-01,8.690966231157326582e-01,-5.111381450201658572e-01,3.080701446243164998e+00,5.416709188566625421e+00
6.800000000000000488e-01,8.982091527051827562e-01,-4.560209483609340420e-01,2.739777974875566180e+00,5.603273487311099643e+00
6.900000000000000577e-01,9.238536885506842822e-01,-3.991431762298975894e-01,2.387310384458066981e+00,5.768693780579543962e+00
7.000000000000000666e-01,9.459211141988742577e-01,-3.407200700458600240e-01,2.024572691305936978e+00,5.912221472395180477e+00
7.099999999999999645e-01,9.643153201492919990e-01,-2.809739996849693888e-01,1.652891718324836168e+00,6.033180172442618172e+00
7.199999999999999734e-01,9.789537147603692979e-01,-2.201337203576725077e-01,1.273643601120651558e+00,6.130969898453445310e+00
7.299999999999999822e-01,9.897676983329164457e-01,-1.584335878466857084e-01,8.882499149300997487e-01,6.205071195709707332e+00
7.399999999999999911e-01,9.967030965109469065e-01,-9.611273311803902875e-02,4.981734092635757283e-01,6.255049136431815704e+00
7.500000000000000000e-01,9.997205490265270722e-01,-3.341419770675080336e-02,1.049133408365339193e-01,6.280557158430649878e+00
7.600000000000000089e-01,9.987958497419896498e-01,2.941596829948403546e-02,-2.899996003592938965e-01,6.281340699340571376e+00
7.700000000000000178e-01,9.939202339151406163e-01,9.212964340476549607e-02,-6.850087721438692379e-01,6.257240580105890793e+00
7.800000000000000266e-01,9.851006086366328462e-01,1.544776042294114249e-01,-1.078537463301394439e+00,6.208196089266309947e+00
7.900000000000000355e-01,9.723597224686878482e-01,2.162105241734700867e-01,-1.468995167812488845e+00,6.134247718076074385e+00
8.000000000000000444e-01,9.557362704554785982e-01,2.770799974741873783e-01,-1.854784232859053361e+00,6.035539495693981848e+00
8.100000000000000533e-01,9.352849308816570950e-01,3.368395844039943077e-01,-2.234306856624665549e+00,5.912320873688790002e+00
8.200000000000000622e-01,9.110763304297063714e-01,3.952458728517325159e-01,-2.605972404996826253e+00,5.764948109999913584e+00
8.300000000000000711e-01,8.831969347308977758e-01,4.520595510396792638e-01,-2.968205009234414327e+00,5.593885104347190662e+00
8.399999999999999689e-01,8.517488617192353617e-01,5.070464856623436711e-01,-3.319451399630707122e+00,5.399703639950153011e+00
8.499999999999999778e-01,8.168496156820256315e-01,5.599787993002989239e-01,-3.658188923330143449e+00,5.183082990330982298e+00
8.599999999999999867e-01,7.786317404522153929e-01,6.106359405740352519e-01,-3.982933687907950215e+00,4.944808854946972865e+00
8.699999999999999956e-01,7.372423908023106875e-01,6.588057401694935589e-01,-4.292248766265730708e+00,4.685771593412138891e+00
8.800000000000000044e-01,6.928428217717353954e-01,7.042854455987875850e-01,-4.584752393006148452e+00,4.406963735079054700e+00
8.900000000000000133e-01,6.456077963813903198e-01,7.468827273662750343e-01,-4.859126077896721796e+00,4.109476748685966463e+00
9.000000000000000222e-01,5.957249129517359076e-01,7.864166491003123927e-01,-5.114122558479479608e+00,3.794497065524576218e+00
9.100000000000000311e-01,5.433938540331908484e-01,8.227185941922324774e-01,-5.348573511478786457e+00,3.463301359014079761e+00
9.200000000000000400e-01,4.888255597678609066e-01,8.556331415623090741e-01,-5.561396941533141458e+00,3.117251093511805848e+00
9.300000000000000488e-01,4.322413293162649661e-01,8.850188833519382348e-01,-5.751604166031382803e+00,2.757786365459377720e+00
9.400000000000000577e-01,3.738718547876145326e-01,9.107491776241538606e-01,-5.918306316541594114e+00,2.386419070343810844e+00
9.500000000000000666e-01,3.139561928925771461e-01,9.327128295409101710e-01,-6.060720280518452796e+00,2.004725439217863947e+00
9.599999999999999645e-01,2.527406802784021855e-01,9.508146949729632258e-01,-6.178174011659111287e+00,1.614337998436761623e+00
9.699999999999999734e-01,1.904777991931220493e-01,9.649762010819572522e-01,-6.270111143404903942e+00,1.216937015590981996e+00
9.799999999999999822e-01,1.274250007442316590e-01,9.751357790873987907e-01,-6.336094847570479693e+00,8.142415031152328009e-01
9.899999999999999911e-01,6.384349355482023258e-02,9.812492051842580665e-01,-6.375810888796668685e+00,4.079998585143373435e-01
1.000000000000000000e+00,-2.993934925282770720e-06,9.832898463985721982e-01,-6.389069835303795131e+00,-1.977362806449001198e-05
1.010000000000000009e+00,-6.384946893029971871e-02,9.812488090454299927e-01,-6.375808397069671507e+00,-4.080393278686435532e-01
1.020000000000000018e+00,-1.274309386854460824e-01,9.751349883713862354e-01,-6.336089873844557907e+00,-8.142807390709851934e-01
1.030000000000000027e+00,-1.904836749065209611e-01,9.649750189058767802e-01,-6.270103707096425616e+00,-1.216975863570840311e+00
1.040000000000000036e+00,-2.527464692136716651e-01,9.508131259970912241e-01,-6.178164141793376807e+00,-1.614376305391205912e+00
1.050000000000000044e+00,-3.139618708385326640e-01,9.327108799502814573e-01,-6.060708015611130151e+00,-2.004763054226898156e+00
1.060000000000000053e+00,-3.738773979666999980e-01,9.107468551041544291e-01,-5.918291704441528189e+00,-2.386455845209297877e+00
1.070000000000000062e+00,-4.322467144772724756e-01,8.850161970580013859e-01,-5.751587263725543409e+00,-2.757822155285409416e+00
1.080000000000000071e+00,-4.888307642764933569e-01,8.556301020838491533e-01,-5.561377814914660433e+00,-3.117285757270569224e+00
1.090000000000000080e+00,-5.433988559601015123e-01,8.227152135109773168e-01,-5.348552235079216288e+00,-3.463334760094759712e+00
1.100000000000000089e+00,-5.957296911576906995e-01,7.864129405432183084e-01,-5.114099215166589829e+00,-3.794529072262923020e+00
1.110000000000000098e+00,-6.456123305992144124e-01,7.468787055532329910e-01,-4.859100758539319997e+00,-4.109507234872261883e+00
1.120000000000000107e+00,-6.928470926847200007e-01,7.042811263853516746e-01,-4.584725196107576117e+00,-4.406992580442328666e+00
1.130000000000000115e+00,-7.372463801187759680e-01,6.588011405848813729e-01,-4.292219797567842221e+00,-4.685798684078628540e+00
1.140000000000000124e+00,-7.786354309759425663e-01,6.106310787546723740e-01,-3.982903059967525916e+00,-4.944834083870955688e+00
1.150000000000000133e+00,-8.168529913782935914e-01,5.599736944191950894e-01,-3.658156755069823962e+00,-5.183106257696288743e+00
1.159999999999999920e+00,-8.517519077762184532e-01,5.070411578546051290e-01,-3.319417815866644528e+00,-5.399724853540829983e+00
1.169999999999999929e+00,-8.831996376162035700e-01,4.520540213244761962e-01,-2.968170140182945893e+00,-5.593904179885977435e+00
1.179999999999999938e+00,-9.110786779418574843e-01,3.952401630510518626e-01,-2.605936385762549712e+00,-5.764964971453379938e+00
1.189999999999999947e+00,-9.352869121963446331e-01,3.368337170585188334e-01,-2.234269826672361958e+00,-5.912335453538200447e+00
1.199999999999999956e+00,-9.557378761664395705e-01,2.770739957566503708e-01,-1.854746335471943119e+00,-6.035551735171133636e+00
1.209999999999999964e+00,-9.723609446230846443e-01,2.162044117998405679e-01,-1.468956549539331746e+00,-6.134257567363586183e+00
1.219999999999999973e+00,-9.851014407648381876e-01,1.544714053682689769e-01,-1.078498273394940865e+00,-6.208203507662028997e+00
1.229999999999999982e+00,-9.939206710548553758e-01,9.212338258522556611e-02,-6.849691619931530528e-01,-6.257245536151290644e+00
1.239999999999999991e+00,-9.987958884566473516e-01,2.940967031803469467e-02,-2.899597229182150904e-01,-6.281343170913219254e+00
1.250000000000000000e+00,-9.997201874179618697e-01,-3.342050788014172547e-02,1.049533316219458667e-01,-6.280557132800994147e+00
1.260000000000000009e+00,-9.967023342263258145e-01,-9.611903043419121884e-02,4.982133590269037238e-01,-6.255046610284734854e+00
1.270000000000000018e+00,-9.897665365659590320e-01,-1.584398472714984574e-01,8.882896694530630910e-01,-6.205066175131417339e+00
1.280000000000000027e+00,-9.789521562468995741e-01,-2.201399169660987754e-01,1.273683006896294989e+00,-6.130962398884514997e+00
1.290000000000000036e+00,-9.643133691571883492e-01,-2.809801087543377096e-01,1.652930623113383568e+00,-6.033170218597978973e+00
1.300000000000000044e+00,-9.459187765125015579e-01,-3.407260671482196246e-01,2.024610944681433544e+00,-5.912209098152127140e+00
1.310000000000000053e+00,-9.238509714499109071e-01,-3.991490373230724975e-01,2.387347838344070716e+00,-5.768679028834831080e+00
1.320000000000000062e+00,-8.982060649391014895e-01,-4.560266498779839694e-01,2.739814484068277878e+00,-5.603256409808314409e+00
1.330000000000000071e+00,-8.690931748712200644e-01,-5.111436639569635343e-01,3.080736868920533222e+00,-5.416689845695084493e+00
1.340000000000000080e+00,-8.366338820384860986e-01,-5.642926680731785716e-01,3.408896917963382123e+00,-5.209795894896172896e+00
1.350000000000000089e+00,-8.009616565426608270e-01,-6.152747382959828926e-01,3.723135280883050680e+00,-4.983454798484458159e+00
1.360000000000000098e+00,-7.622212579731755255e-01,-6.639000537396956281e-01,4.022353795004164567e+00,-4.738606215671495647e+00
1.370000000000000107e+00,-7.205681124816857297e-01,-7.099884695337991269e-01,4.305517646755660621e+00,-4.476244987995751323e+00
1.380000000000000115e+00,-6.761676696542544551e-01,-7.533700476566480564e-01,4.571657254555075767e+00,-4.197416950582717021e+00
1.390000000000000124e+00,-6.291947418501496747e-01,-7.938855461797168500e-01,4.819869896513123919e+00,-3.903214805133954357e+00
1.400000000000000133e+00,-5.798328284418512446e-01,-8.313868675981082035e-01,5.049321106366063461e+00,-3.594774065755260484e+00
1.409999999999999920e+00,-5.282734271583983121e-01,-8.657374670171588127e-01,5.259245860660311855e+00,-3.273269085368754716e+00
1.419999999999999929e+00,-4.747153345073438779e-01,-8.968127210264603688e-01,5.448949579482639471e+00,-2.939909167297593662e+00
1.429999999999999938e+00,-4.193639370326071591e-01,-9.245002581236750894e-01,5.617808961989998018e+00,-2.595934763686626123e+00
1.439999999999999947e+00,-3.624304949593101233e-01,-9.487002515535544189e-01,5.765272676683850683e+00,-2.242613759743562252e+00
1.449999999999999956e+00,-3.041314195847691360e-01,-9.693256754050897372e-01,5.890861924831109597e+00,-1.881237840364284430e+00
1.459999999999999964e+00,-2.446875455993511861e-01,-9.863025247643617544e-01,5.994170893691370239e+00,-1.513118933550141820e+00
1.469999999999999973e+00,-1.843233993637328760e-01,-9.995700006550727323e-01,6.074867114299409288e+00,-1.139585723138669460e+00
1.479999999999999982e+00,-1.232664640317571725e-01,-1.009080660415661246e+00,6.132691736501667101e+00,-7.619802217540960765e-01
1.489999999999999991e+00,-6.174644229182874727e-02,-1.014800534064016713e+00,6.167459731781967491e+00,-3.816543935405771193e-01
1.500000000000000000e+00,5.482594364940307496e-06,-1.016709207090855882e+00,6.179060032159028104e+00,3.318483140868355719e-05
1.510000000000000009e+00,6.175738684829325253e-02,-1.014799870003485704e+00,6.167455611118424663e+00,3.817206371978104085e-01
1.520000000000000018e+00,1.232773467664928096e-01,-1.009079334815664808e+00,6.132683510174981478e+00,7.620460878195127741e-01
1.530000000000000027e+00,1.843341793122627303e-01,-9.995680185492459291e-01,6.074854812267259874e+00,1.139650961300062715e+00
1.540000000000000036e+00,2.446981821714582228e-01,-9.862998936819324935e-01,5.994154560782445351e+00,1.513183295616070900e+00
1.550000000000000044e+00,3.041418727126922184e-01,-9.693224053454531086e-01,5.890841620615629104e+00,1.881301081106871553e+00
1.560000000000000053e+00,3.624407252444311056e-01,-9.486963549524446426e-01,5.765248475300803754e+00,2.242675637735714655e+00
1.570000000000000062e+00,4.193739058901960193e-01,-9.244957498109998006e-01,5.617780951930998690e+00,2.595995042131997277e+00
1.580000000000000071e+00,4.747250043089283333e-01,-8.968076181758771748e-01,5.448917863332306766e+00,2.939967614851530353e+00
1.590000000000000080e+00,5.282827613713227954e-01,-8.657317890874935973e-01,5.259210554793074976e+00,3.273325476948399260e+00
1.600000000000000089e+00,5.798417917655899201e-01,-8.313806362667318650e-01,5.049282340599319241e+00,3.594828183336881811e+00
1.610000000000000098e+00,6.292033003489369003e-01,-7.938787852680182500e-01,4.819827813716710985e+00,3.903266438535491378e+00
1.620000000000000107e+00,6.761757908855962063e-01,-7.533627830477601650e-01,4.571612010217082300e+00,4.197465898229396863e+00
1.630000000000000115e+00,7.205757656203154449e-01,-7.099807290827583328e-01,4.305469408504643880e+00,4.476291057666552220e+00
1.640000000000000124e+00,7.622284139300203876e-01,-6.638918671762363832e-01,4.022302742087972227e+00,4.738649225224092376e+00
1.650000000000000133e+00,8.009682880783846048e-01,-6.152661371201942897e-01,3.723081603604527778e+00,4.983494576556187994e+00
1.660000000000000142e+00,8.366399638711804476e-01,-5.642836854442743189e-01,3.408840817073396146e+00,5.209832281578444579e+00
1.669999999999999929e+00,8.690986837778187368e-01,-5.111343345754429945e-01,3.080678554968897309e+00,5.416722693178551040e+00
1.679999999999999938e+00,8.982109798501008990e-01,-4.560170098614899081e-01,2.739754176713338651e+00,5.603285582996042180e+00
1.689999999999999947e+00,9.238552735369865987e-01,-3.991391240762782178e-01,2.387285765621922184e+00,5.768704405920602518e+00
1.699999999999999956e+00,9.459224492686229002e-01,-3.407159192271075887e-01,2.024547342235941461e+00,5.912230571160970172e+00
1.709999999999999964e+00,9.643163984688447599e-01,-2.809697657252615555e-01,1.652865733388447333e+00,6.033187693885958325e+00
1.719999999999999973e+00,9.789545304580683505e-01,-2.201294192600498079e-01,1.273617078292025306e+00,6.130975797594799381e+00
1.729999999999999982e+00,9.897682465334616264e-01,-1.584292360340279204e-01,8.882229554478326961e-01,6.205075433603643553e+00
1.739999999999999991e+00,9.967033733662412631e-01,-9.610834737146917162e-02,4.981461172675102911e-01,6.255051680414720927e+00
1.750000000000000000e+00,9.997205517427890653e-01,-3.340979510166328104e-02,1.048858229844183976e-01,6.280557982347909629e+00
1.760000000000000009e+00,9.987955766029352755e-01,2.942037045955710195e-02,-2.900272352943316645e-01,6.281339783751425543e+00
1.770000000000000018e+00,9.939196843010486004e-01,9.213402765621740709e-02,-6.850364136939028903e-01,6.257237912464182372e+00
1.780000000000000027e+00,9.850997830391194920e-01,1.544819530183035583e-01,-1.078564999741019159e+00,6.208191664075374483e+00
1.790000000000000036e+00,9.723586225010310002e-01,2.162148199266872572e-01,-1.469022486611378131e+00,6.134241537016071888e+00
1.800000000000000044e+00,9.557348988583469485e-01,2.770842226717216139e-01,-1.854811221148064293e+00,6.035531567720040513e+00
1.810000000000000053e+00,9.352832915241182654e-01,3.368437216520578925e-01,-2.234333401673611164e+00,5.912311215098424277e+00
1.820000000000000062e+00,9.110744283054075243e-01,3.952499049563856226e-01,-2.605998394701853460e+00,5.764936744468299956e+00
1.830000000000000071e+00,8.831947759493339323e-01,4.520634610806441023e-01,-2.968230332612743716e+00,5.593872062929017730e+00
1.840000000000000080e+00,8.517464534920429209e-01,5.070502570666653996e-01,-3.319475947320320142e+00,5.399688961046935631e+00
1.850000000000000089e+00,8.168469663042657869e-01,5.599824159155029069e-01,-3.658212588091850570e+00,5.183066719622911656e+00
1.860000000000000098e+00,7.786288592786354545e-01,6.106393867404227294e-01,-3.982956365127123810e+00,4.944791045288577713e+00
1.870000000000000107e+00,7.372392882186016294e-01,6.588090007912104085e-01,-4.292270354450870684e+00,4.685752304691272130e+00
1.880000000000000115e+00,6.928395091608322565e-01,7.042885062132989704e-01,-4.584772794281342101e+00,4.406943034038966367e+00
1.890000000000000124e+00,6.456042860848906217e-01,7.468855742118757357e-01,-4.859145198484985606e+00,4.109454708710480908e+00
1.900000000000000133e+00,5.957212182265430034e-01,7.864192691813057801e-01,-5.114140309173921928e+00,3.794473766386680325e+00
1.910000000000000142e+00,5.433899890035197577e-01,8.227209753414147508e-01,-5.348589808098506815e+00,3.463276886588515069e+00
1.919999999999999929e+00,4.888215393727738389e-01,8.556352725004030546e-01,-5.561411705360798763e+00,3.117225539452550542e+00
1.929999999999999938e+00,4.322371692529357046e-01,8.850207537436313165e-01,-5.751617324229405526e+00,2.757759826843209527e+00
1.939999999999999947e+00,3.738675714505497183e-01,9.107507781304077232e-01,-5.918317802544079242e+00,2.386391649281439431e+00
1.949999999999999956e+00,3.139518033090521465e-01,9.327141518672273923e-01,-6.060730034395927390e+00,2.004697242434415827e+00
1.959999999999999964e+00,2.527362020403961518e-01,9.508157319133139218e-01,-6.178181980453460120e+00,1.614309136823684376e+00
1.969999999999999973e+00,1.904732503860635251e-01,9.649769465580912975e-01,-6.270117281431955902e+00,1.216907603731709031e+00
1.979999999999999982e+00,1.274203998728896114e-01,9.751362281832944845e-01,-6.336099116687949007e+00,8.142116587872008093e-01
1.989999999999999991e+00,6.383885946669767830e-02,9.812493541754840898e-01,-6.375813258635390390e+00,4.079697021701793602e-01
2.000000000000000000e+00,-7.642128318871566073e-06,9.832896927763700168e-01,-6.389070283460464239e+00,-5.011939711851987056e-05
2.010000000000000231e+00,-6.385411193390463924e-02,9.812483515353547237e-01,-6.375806909259578603e+00,-4.080697388839566453e-01
2.020000000000000018e+00,-1.274355571024307632e-01,9.751342269463765255e-01,-6.336086444013123931e+00,-8.143110901289414283e-01
2.030000000000000249e+00,-1.904882493209658079e-01,9.649739547936586614e-01,-6.270098337488667184e+00,-1.217006029013054880e+00
2.040000000000000036e+00,-2.527509802737350486e-01,9.508117616818554385e-01,-6.178156842980770946e+00,-1.614406159678986485e+00
2.049999999999999822e+00,-3.139662993396714619e-01,9.327092191686098266e-01,-6.060698806475681266e+00,-2.004792472516394142e+00
2.060000000000000053e+00,-3.738817249345174343e-01,9.107449028352063713e-01,-5.918280612117196249e+00,-2.386484703923777762e+00
2.069999999999999840e+00,-4.322509212495687647e-01,8.850139595080062094e-01,-5.751574323497520957e+00,-2.757850332681148320e+00
2.080000000000000071e+00,-4.888348325841018749e-01,8.556275866649865058e-01,-5.561363070077325332e+00,-3.117313133992913432e+00
2.089999999999999858e+00,-5.434027680061023213e-01,8.227124288147591447e-01,-5.348535736753910363e+00,-3.463361219721044826e+00
2.100000000000000089e+00,-5.957334296946072971e-01,7.864098963085213168e-01,-5.114081022080659622e+00,-3.794554501829082493e+00
2.109999999999999876e+00,-6.456158790038135642e-01,7.468754126291589079e-01,-4.859080936768154224e+00,-4.109531525380132777e+00
2.120000000000000107e+00,-6.928504350300558334e-01,7.042775966891223760e-01,-4.584703818781617812e+00,-4.407015627344880393e+00
2.129999999999999893e+00,-7.372495012431377059e-01,6.587973870550031252e-01,-4.292196944546786241e+00,-4.685820387740573523e+00
2.140000000000000124e+00,-7.786383165483903301e-01,6.106271152996266549e-01,-3.982878817484103884e+00,-4.944854350002446886e+00
2.149999999999999911e+00,-8.168556279604906045e-01,5.599695358619354302e-01,-3.658131215345745701e+00,-5.183124997757690977e+00
2.160000000000000142e+00,-8.517542828802944221e-01,5.070368198731581844e-01,-3.319391076703394727e+00,-5.399741985116819798e+00
2.169999999999999929e+00,-8.832017397584123186e-01,4.520495203889616231e-01,-2.968142304530231534e+00,-5.593919627027525543e+00
2.180000000000000160e+00,-9.110804966918187864e-01,3.952355163574475805e-01,-2.605907561267250649e+00,-5.764978664986453616e+00
2.189999999999999947e+00,-9.352884382216903880e-01,3.368289424595096726e-01,-2.234240125210871675e+00,-5.912347331338308365e+00
2.200000000000000178e+00,-9.557391012727122215e-01,2.770691116899044459e-01,-1.854715872668779353e+00,-6.035561742403131369e+00
2.209999999999999964e+00,-9.723618617887649362e-01,2.161994372140630394e-01,-1.468925444274863379e+00,-6.134265656686411106e+00
2.220000000000000195e+00,-9.851020441714073428e-01,1.544663596473837552e-01,-1.078466647305017734e+00,-6.208209639398305946e+00
2.229999999999999982e+00,-9.939209561118245162e-01,9.211828547103631526e-02,-6.849371389633340801e-01,-6.257249678421993089e+00
2.240000000000000213e+00,-9.987958518215130921e-01,2.940454183171210822e-02,-2.899274285751877733e-01,-6.281345299737781218e+00
2.250000000000000000e+00,-9.997198270110720930e-01,-3.342564751740326190e-02,1.049857704192960206e-01,-6.280557232163483938e+00
2.260000000000000231e+00,-9.967016492406644002e-01,-9.612416088101234657e-02,4.982458146944548361e-01,-6.255044672166868658e+00
2.270000000000000018e+00,-9.897655274718796248e-01,-1.584449481463217069e-01,8.883220141842882445e-01,-6.205062199513362131e+00
2.280000000000000249e+00,-9.789508247918603523e-01,-2.201449679270468807e-01,1.273715113158968126e+00,-6.130956393714550146e+00
2.290000000000000036e+00,-9.643117183605578457e-01,-2.809850895786177305e-01,1.652962364138332196e+00,-6.033162199732203135e+00
2.300000000000000266e+00,-9.459168106555236877e-01,-3.407309578107795001e-01,2.024642194941689066e+00,-5.912199089265478769e+00
2.310000000000000053e+00,-9.238486960609327836e-01,-3.991538180742300046e-01,2.387378474022935571e+00,-5.768667061304761035e+00
2.319999999999999840e+00,-8.982034867741816031e-01,-4.560313013197614951e-01,2.739844383515001258e+00,-5.603242522572479345e+00
2.330000000000000071e+00,-8.690903018902463861e-01,-5.111481671178755848e-01,3.080765913092454067e+00,-5.416674085084463464e+00
2.339999999999999858e+00,-8.366307233769446627e-01,-5.642970044812333219e-01,3.408924990853549719e+00,-5.209778314445007830e+00
2.350000000000000089e+00,-8.009582224792040073e-01,-6.152788900496731772e-01,3.723162269932489554e+00,-4.983435458718398436e+00
2.359999999999999876e+00,-7.622175598931477669e-01,-6.639040035767680425e-01,4.022379591498077112e+00,-4.738585183875319018e+00
2.370000000000000107e+00,-7.205641628367698281e-01,-7.099922008976037313e-01,4.305542146202999021e+00,-4.476222337961962339e+00
2.379999999999999893e+00,-6.761634819184073608e-01,-7.533735447598838286e-01,4.571680357051010724e+00,-4.197392762342299299e+00
2.390000000000000124e+00,-6.291903304720003476e-01,-7.938887940654002495e-01,4.819891507084050453e+00,-3.903189164670477496e+00
2.399999999999999911e+00,-5.798282087937376428e-01,-8.313898521976046396e-01,5.049341135296861793e+00,-3.594747064703477157e+00
2.410000000000000142e+00,-5.282686154822207047e-01,-8.657401752051268051e-01,5.259264223803644001e+00,-3.273240820698754661e+00
2.419999999999999929e+00,-4.747103478574160040e-01,-8.968151406725690666e-01,5.448966198550131423e+00,-2.939879740985498646e+00
2.430000000000000160e+00,-4.193587932156866982e-01,-9.245023781409656971e-01,5.617823764825186750e+00,-2.595904282372742511e+00
2.439999999999999947e+00,-3.624252124719912205e-01,-9.487020619433234048e-01,5.765285597516803584e+00,-2.242582334378826037e+00
2.450000000000000178e+00,-3.041260175484205019e-01,-9.693271672981815801e-01,5.890872904514641739e+00,-1.881205585845762807e+00
2.459999999999999964e+00,-2.446820436927846509e-01,-9.863036904587648701e-01,5.994179879918785758e+00,-1.513085968346286281e+00
2.470000000000000195e+00,-1.843178177537870277e-01,-9.995708336497192148e-01,6.074874061803672731e+00,-1.139552168904951257e+00
2.479999999999999982e+00,-1.232608233019827082e-01,-1.009081155440337163e+00,6.132696607235903485e+00,-7.619462029395980274e-01
2.490000000000000213e+00,-6.174076336946267979e-02,-1.014800687105295918e+00,6.167462495081144525e+00,-3.816200369860666686e-01
2.500000000000000000e+00,1.117851294708122056e-05,-1.016709015413972850e+00,6.179060664882646492e+00,6.775030343858512438e-05
2.510000000000000231e+00,6.176307837345616086e-02,-1.014799332170072121e+00,6.167454097773982902e+00,3.817552812006781982e-01
2.520000000000000018e+00,1.232830123923575882e-01,-1.009078450697272977e+00,6.132679843021934474e+00,7.620806788270246823e-01
2.530000000000000249e+00,1.843397974946637263e-01,-9.995667893365928203e-01,6.074848991401134768e+00,1.139685367077899469e+00
2.540000000000000036e+00,2.447037314066400626e-01,-9.862983218897977133e-01,5.994146594198702438e+00,1.513217383659448467e+00
2.550000000000000266e+00,3.041473316165423935e-01,-9.693204948131707299e-01,5.890831524252808649e+00,1.881334719084020168e+00
2.560000000000000053e+00,3.624460726320381521e-01,-9.486941108399332689e-01,5.765236273062422256e+00,2.242708693936691589e+00
2.569999999999999840e+00,4.193791208555180949e-01,-9.244931785902799071e-01,5.617766675685605726e+00,2.596027385922298869e+00
2.580000000000000071e+00,4.747300663043502178e-01,-8.968047276180310945e-01,5.448901552891038946e+00,2.939999117129911799e+00
2.589999999999999858e+00,5.282876502868733004e-01,-8.657285882450285186e-01,5.259192257864003572e+00,3.273356010608232225e+00
2.600000000000000089e+00,5.798464880075833161e-01,-8.313771354513150857e-01,5.049262112717832984e+00,3.594857623730300933e+00
2.609999999999999876e+00,6.292077849177952764e-01,-7.938749960235602643e-01,4.819805718151138230e+00,3.903294663939468112e+00
2.620000000000000107e+00,6.761800454526005755e-01,-7.533587181188315940e-01,4.571588117848719435e+00,4.197492790312776556e+00
2.629999999999999893e+00,7.205797726030258588e-01,-7.099764023783359246e-01,4.305443797681355989e+00,4.476316501956950411e+00
2.640000000000000124e+00,7.622321565660963305e-01,-6.638872937287862985e-01,4.022275498450520459e+00,4.738673111573423746e+00
2.649999999999999911e+00,8.009717504975287783e-01,-6.152613330401118796e-01,3.723052819884792530e+00,4.983516799603446401e+00
2.660000000000000142e+00,8.366431311649208391e-01,-5.642786678697170322e-01,3.408810592863703359e+00,5.209852741208192306e+00
2.669999999999999929e+00,8.691015420668368741e-01,-5.111291216176061525e-01,3.080646996461714249e+00,5.416741294973423493e+00
2.680000000000000160e+00,8.982135163488054186e-01,-4.560116205453954019e-01,2.739721396410667698e+00,5.603302238681405534e+00
2.689999999999999947e+00,9.238574766150274842e-01,-3.991335782771642249e-01,2.387251882013840643e+00,5.768719033799332152e+00
2.700000000000000178e+00,9.459243085090343062e-01,-3.407102376025288870e-01,2.024512479447848623e+00,5.912243096536151654e+00
2.709999999999999964e+00,9.643179047225033385e-01,-2.809639696430331623e-01,1.652830020796737243e+00,6.033198049469159052e+00
2.720000000000000195e+00,9.789556758941493353e-01,-2.201235307221901805e-01,1.273580650108085077e+00,6.130983923897392884e+00
2.729999999999999982e+00,9.897690246855770368e-01,-1.584232775968848483e-01,8.881859502704692044e-01,6.205081279308545028e+00
2.740000000000000213e+00,9.967037791739461472e-01,-9.610234206223766673e-02,4.981086776041449560e-01,6.255055202725752217e+00
2.750000000000000000e+00,9.997205815881455848e-01,-3.340376633153367691e-02,1.048480947416506881e-01,6.280559147313915958e+00
2.760000000000000231e+00,9.987952283418325417e-01,2.942639898535366616e-02,-2.900651033499087039e-01,6.281338566562183701e+00
2.770000000000000018e+00,9.939189572889876034e-01,9.214003203116899465e-02,-6.850742705034420510e-01,6.257234297715090321e+00
2.780000000000000249e+00,9.850986781511832380e-01,1.544879092298557244e-01,-1.078602692548191300e+00,6.208185645997895463e+00
2.790000000000000036e+00,9.723571421457799513e-01,2.162207039536017950e-01,-1.469059861582312054e+00,6.134233119670922996e+00
2.800000000000000266e+00,9.557330469853979604e-01,2.770900105831688442e-01,-1.854848124014229827e+00,6.035520765150178768e+00
2.810000000000000053e+00,9.352810736251907509e-01,3.368493897080257482e-01,-2.234369678395057957e+00,5.912298051438985347e+00
2.819999999999999840e+00,9.110718514086477704e-01,3.952554297089614921e-01,-2.606033892147850750e+00,5.764921254010803686e+00
2.830000000000000071e+00,8.831918486067592555e-01,4.520688194756998790e-01,-2.968264899256503497e+00,5.593854290137347363e+00
2.839999999999999858e+00,8.517431857599839784e-01,5.070554265454515486e-01,-3.319509433944138888e+00,5.399668960522855166e+00
2.850000000000000089e+00,8.168433697167212237e-01,5.599873745156371818e-01,-3.658244848498666268e+00,5.183044556019183347e+00
2.859999999999999876e+00,7.786249468134971430e-01,6.106441131957414115e-01,-3.982987256854188640e+00,4.944766793168096974e+00
2.870000000000000107e+00,7.372350742567516102e-01,6.588134746299357802e-01,-4.292299739480958998e+00,4.685726048331035010e+00
2.879999999999999893e+00,6.928350094381593438e-01,7.042927078539672481e-01,-4.584800539746685111e+00,4.406914867178121753e+00
2.890000000000000124e+00,6.455995176373254818e-01,7.468894850564649079e-01,-4.859171177358949656e+00,4.109424734242209887e+00
2.899999999999999911e+00,5.957161993282584778e-01,7.864228717050021356e-01,-5.114164400945304223e+00,3.794442095994150055e+00
2.910000000000000142e+00,5.433847390984969383e-01,8.227242531784619839e-01,-5.348611899423274529e+00,3.463243640325707418e+00
2.919999999999999929e+00,4.888160789999852485e-01,8.556382105254900505e-01,-5.561431690686080564e+00,3.117190845271313737e+00
2.930000000000000160e+00,4.322315199654483964e-01,8.850233381482888184e-01,-5.751635106384629381e+00,2.757723820068457066e+00
2.939999999999999947e+00,3.738617557289022897e-01,9.107529964939082845e-01,-5.918333293294282704e+00,2.386354472036984919e+00
2.950000000000000178e+00,3.139458444693075667e-01,9.327159932215091098e-01,-6.060743154952480616e+00,2.004659043022489318e+00
2.959999999999999964e+00,2.527301241373192120e-01,9.508171868014823058e-01,-6.178192661937732311e+00,1.614270069061712665e+00
2.970000000000000195e+00,1.904670781119140732e-01,9.649780070860923820e-01,-6.270125465287808453e+00,1.216867826250443319e+00
2.979999999999999982e+00,1.274141584523624249e-01,9.751368880643944692e-01,-6.336104755039363212e+00,8.141713342947356491e-01
2.990000000000000213e+00,6.383257454857392543e-02,9.812496087672393230e-01,-6.375816314586012723e+00,4.079289966868193673e-01
3.000000000000000000e+00,-1.394458221376515539e-05,9.832895391098217530e-01,-6.389070731332386011e+00,-9.103732784260243349e-05
3.010000000000000231e+00,-6.386040576181803430e-02,9.812477883362378250e-01,-6.375804734769238813e+00,-4.081106990025360481e-01
3.020000000000000018e+00,-1.274418160572380054e-01,9.751332546481887853e-01,-6.336081644382841382e+00,-8.143519212796099804e-01
3.030000000000000249e+00,-1.904944471855150034e-01,9.649725755424949369e-01,-6.270090921492924352e+00,-1.217046559970058173e+00
3.040000000000000036e+00,-2.527570909763273144e-01,9.508099793329712890e-01,-6.178146830927027544e+00,-1.614446219973424412e+00
3.050000000000000266e+00,-3.139722970690231874e-01,9.327070392747385252e-01,-6.060686230120124307e+00,-2.004831893257695175e+00
3.060000000000000053e+00,-3.738875842535589467e-01,9.107423326267126695e-01,-5.918265514516471093e+00,-2.386523318609969913e+00
3.070000000000000284e+00,-4.322566172074469026e-01,8.850110078650170742e-01,-5.751556758798090030e+00,-2.757887977992281581e+00
3.080000000000000071e+00,-4.888403408257731009e-01,8.556242640816938971e-01,-5.561343103244674957e+00,-3.117349650562243113e+00
3.089999999999999858e+00,-5.434080648789286760e-01,8.227087473561441877e-01,-5.348513443244352850e+00,-3.463396452878914733e+00
3.100000000000000089e+00,-5.957384923513963093e-01,7.864058695597953008e-01,-5.114056487458961797e+00,-3.794588302314821693e+00
3.109999999999999876e+00,-6.456206855017789792e-01,7.468710556382631705e-01,-4.859054256274639272e+00,-4.109563750017721340e+00
3.120000000000000107e+00,-6.928549644252128825e-01,7.042729259026687672e-01,-4.584675096852743437e+00,-4.407046139678602259e+00
3.129999999999999893e+00,-7.372537336796894936e-01,6.587924202480721636e-01,-4.292166294293496165e+00,-4.685849058627379549e+00
3.140000000000000124e+00,-7.786422333427055475e-01,6.106218714998694619e-01,-3.982846360132472174e+00,-4.944881058158283160e+00
3.149999999999999911e+00,-8.168592116793182978e-01,5.599640352684526201e-01,-3.658097079644579974e+00,-5.183149630255556417e+00
3.160000000000000142e+00,-8.517575174129095039e-01,5.070310837706468732e-01,-3.319355398303551752e+00,-5.399764437834879693e+00
3.169999999999999929e+00,-8.832046103824326977e-01,4.520435710576354849e-01,-2.968105225340416986e+00,-5.593939805046105107e+00
3.180000000000000160e+00,-9.110829901324826174e-01,3.952293769792460942e-01,-2.605869228791028558e+00,-5.764996482933258726e+00
3.189999999999999947e+00,-9.352905427044287956e-01,3.368226370211146459e-01,-2.234200691869510536e+00,-5.912362713681694970e+00
3.200000000000000178e+00,-9.557408065688982601e-01,2.770626648830828986e-01,-1.854675495114409101e+00,-6.035574623693693574e+00
3.209999999999999964e+00,-9.723631592545639579e-01,2.161928743338495107e-01,-1.468884282698216248e+00,-6.134275981747580708e+00
3.220000000000000195e+00,-9.851029267796940214e-01,1.544597064886076843e-01,-1.078424864741794220e+00,-6.208217363467022132e+00
3.229999999999999982e+00,-9.939214184771731908e-01,9.211156822368646302e-02,-6.848949006029663167e-01,-6.257254767240832294e+00
3.240000000000000213e+00,-9.987958902183018406e-01,2.939778697561566678e-02,-2.898849010754797617e-01,-6.281347729600216923e+00
3.250000000000000000e+00,-9.997194393847761429e-01,-3.343241331812780992e-02,1.050284196084799171e-01,-6.280556989914193089e+00
3.260000000000000231e+00,-9.967008352124436810e-01,-9.613091088328930278e-02,4.982884179956026394e-01,-6.255041755159188810e+00
3.270000000000000018e+00,-9.897642883365922462e-01,-1.584516556328218750e-01,8.883644045422285362e-01,-6.205056615526140185e+00
3.280000000000000249e+00,-9.789491635096578825e-01,-2.201516063098665210e-01,1.273757124674230745e+00,-6.130948160830746119e+00
3.290000000000000036e+00,-9.643096395422376954e-01,-2.809916325015623384e-01,1.653003832681996688e+00,-6.033151346181650609e+00
3.300000000000000266e+00,-9.459143205418327760e-01,-3.407373792499062137e-01,2.024682958750140926e+00,-5.912185653234250715e+00
3.310000000000000053e+00,-9.238458024960291004e-01,-3.991600924363267744e-01,2.387418374271243593e+00,-5.768651090713558638e+00
3.320000000000000284e+00,-8.982001991734736013e-01,-4.560374035384650582e-01,2.739883264867903012e+00,-5.603224074826433032e+00
3.330000000000000071e+00,-8.690866312028374674e-01,-5.111540727471545198e-01,3.080803624232184568e+00,-5.416653226796664278e+00
3.339999999999999858e+00,-8.366266820429176798e-01,-5.643026897859840796e-01,3.408961384983986154e+00,-5.209755121135983380e+00
3.350000000000000089e+00,-8.009538243819841474e-01,-6.152843320931995486e-01,3.723197205259281883e+00,-4.983410014493653506e+00
3.359999999999999876e+00,-7.622128203071846242e-01,-6.639091803049348428e-01,4.022412931684623771e+00,-4.738557581082913472e+00
3.370000000000000107e+00,-7.205590983707808039e-01,-7.099970912194737416e-01,4.305573760802270833e+00,-4.476192676831974637e+00
3.379999999999999893e+00,-6.761581104544229781e-01,-7.533781286246664655e-01,4.571710121913368674e+00,-4.197361150609863145e+00
3.390000000000000124e+00,-6.291846711004505099e-01,-7.938930525355545331e-01,4.819919304741292265e+00,-3.903155717183933060e+00
3.399999999999999911e+00,-5.798222817448147604e-01,-8.313937675179551290e-01,5.049366855322821479e+00,-3.594711903019010002e+00
3.410000000000000142e+00,-5.282624420537526122e-01,-8.657437308678636034e-01,5.259287763151720974e+00,-3.273204072662749820e+00
3.419999999999999929e+00,-4.747039503394773763e-01,-8.968183214780146573e-01,5.448987461868151527e+00,-2.939841540305678791e+00
3.430000000000000160e+00,-4.193521948121733400e-01,-9.245051702540004746e-01,5.617842664748017079e+00,-2.595864768179008131e+00
3.439999999999999947e+00,-3.624184372193777204e-01,-9.487044529453717567e-01,5.765302054937125220e+00,-2.242541650774575235e+00
3.450000000000000178e+00,-3.041190902319178546e-01,-9.693291462346664833e-01,5.890886848832259659e+00,-1.881163881450337305e+00
3.459999999999999964e+00,-2.446749897601105950e-01,-9.863052478819441804e-01,5.994191249268801869e+00,-1.513043395829068105e+00
3.470000000000000195e+00,-1.843106632267593470e-01,-9.995719616568237154e-01,6.074882803263803588e+00,-1.139508884511525322e+00
3.479999999999999982e+00,-1.232535946861425535e-01,-1.009081847706931434e+00,6.132702677013117665e+00,-7.619023660103005913e-01
3.490000000000000213e+00,-6.173348756193467596e-02,-1.014800938913787531e+00,6.167465858677740442e+00,-3.815758094671592993e-01
3.500000000000000000e+00,1.847431715287090048e-05,-1.016708823677197948e+00,6.179061297241760009e+00,1.122043557930663127e-04
3.510000000000000231e+00,6.177036677649413998e-02,-1.014798695449884214e+00,6.167451983404434124e+00,3.817997961235096160e-01
3.520000000000000018e+00,1.232902658897407633e-01,-1.009077369218067011e+00,6.132674976102181930e+00,7.621250878606188328e-01
3.530000000000000249e+00,1.843469885723915680e-01,-9.995652649936932477e-01,6.074841375862002124e+00,1.139729502882741441e+00
3.540000000000000036e+00,2.447108326390456390e-01,-9.862963582526436124e-01,5.994136243784414120e+00,1.513261078839947205e+00
3.550000000000000266e+00,3.041543157646390272e-01,-9.693180971232301379e-01,5.890818462559736624e+00,1.881377806718887102e+00
3.560000000000000053e+00,3.624529127421389774e-01,-9.486912860032812311e-01,5.765220533554833438e+00,2.242751008115794864e+00
3.570000000000000284e+00,4.193857903578948609e-01,-9.244899351647763996e-01,5.617748301687568890e+00,2.596068762289747145e+00
3.580000000000000071e+00,4.747365391116880051e-01,-8.968010757950385381e-01,5.448880597553533711e+00,2.940039393433027115e+00
3.589999999999999858e+00,5.282939008922677981e-01,-8.657245398256120383e-01,5.259168784106171834e+00,3.273395027251964073e+00
3.600000000000000089e+00,5.798524915818166203e-01,-8.313727038168735595e-01,5.049236193141201312e+00,3.594895224336493555e+00
3.609999999999999876e+00,6.292135174056135982e-01,-7.938701961008434171e-01,4.819777434925561543e+00,3.903330695910244508e+00
3.620000000000000107e+00,6.761854836677042568e-01,-7.533535663393066129e-01,4.571557562568723476e+00,4.197527105397129255e+00
3.629999999999999893e+00,7.205848943214696600e-01,-7.099709166318766140e-01,4.305411071191501904e+00,4.476348956819435898e+00
3.640000000000000124e+00,7.622369406177817996e-01,-6.638814933116699013e-01,4.022240710638381955e+00,4.738703568363644258e+00
3.649999999999999911e+00,8.009761768554594097e-01,-6.152552385973237836e-01,3.723016089440129850e+00,4.983545126524779434e+00
3.660000000000000142e+00,8.366471810318735214e-01,-5.642723013315789071e-01,3.408772047002438743e+00,5.209878813083991034e+00
3.669999999999999929e+00,8.691051979590915799e-01,-5.111225061307635986e-01,3.080606770613360634e+00,5.416764993808657280e+00
3.680000000000000160e+00,8.982167621765613230e-01,-4.560047803982208436e-01,2.739679633867948549e+00,5.603323454217446375e+00
3.689999999999999947e+00,9.238602977591210408e-01,-3.991265388196570396e-01,2.387208733543353389e+00,5.768737664059337966e+00
3.700000000000000178e+00,9.459266918935655966e-01,-3.407030251608204607e-01,2.024468102860782270e+00,5.912259048358219360e+00
3.709999999999999964e+00,9.643198388829657963e-01,-2.809566114286339844e-01,1.652784580478851684e+00,6.033211239024176109e+00
3.720000000000000195e+00,9.789571510406535060e-01,-2.201160547361490638e-01,1.273534316508393882e+00,6.130994277188250408e+00
3.729999999999999982e+00,9.897700327607533710e-01,-1.584157125290636681e-01,8.881388993483501082e-01,6.205088732647141114e+00
3.740000000000000213e+00,9.967043139051109391e-01,-9.609471718594309042e-02,4.980610902349227320e-01,6.255059703184008058e+00
3.750000000000000000e+00,9.997206385333168299e-01,-3.339611139378488580e-02,1.048001560810600252e-01,6.280560653144826588e+00
3.760000000000000231e+00,9.987948049291880404e-01,2.943405387760063274e-02,-2.901132045415684146e-01,6.281337047586777800e+00
3.770000000000000018e+00,9.939180528493676281e-01,9.214765652847840827e-02,-6.851223425762056340e-01,6.257229735671058002e+00
3.780000000000000249e+00,9.850972939432567355e-01,1.544954728610460903e-01,-1.078650541714655464e+00,6.208178034845585280e+00
3.790000000000000036e+00,9.723552813735101275e-01,2.162281762493085957e-01,-1.469107292704959100e+00,6.134222465852380957e+00
3.800000000000000266e+00,9.557307148074708492e-01,2.770973612017449406e-01,-1.854894941425091925e+00,6.035507087796974091e+00
3.810000000000000053e+00,9.352782771560990138e-01,3.368565885632467949e-01,-2.234415686744422924e+00,5.912281382524670725e+00
3.820000000000000284e+00,9.110685997111576118e-01,3.952624470989624661e-01,-2.606078897278164774e+00,5.764901638444043463e+00
3.830000000000000071e+00,8.831881526755309686e-01,4.520756262125306124e-01,-2.968308709097081000e+00,5.593831785792022337e+00
3.839999999999999858e+00,8.517390584961610500e-01,5.070619940846040619e-01,-3.319551859421755680e+00,5.399643638201778728e+00
3.850000000000000089e+00,8.168388258933567680e-01,5.599936750848658606e-01,-3.658285704458610788e+00,5.183016499348484629e+00
3.859999999999999876e+00,7.786200030317420584e-01,6.106501199224696474e-01,-3.983026362985871316e+00,4.944736098419824977e+00
3.870000000000000107e+00,7.372297488927899156e-01,6.588191616665221018e-01,-4.292336921241762582e+00,4.685692824172098980e+00
3.879999999999999893e+00,6.928293225809416533e-01,7.042980505000867586e-01,-4.584835629277378644e+00,4.406879234344321716e+00
3.890000000000000124e+00,6.455934910172188568e-01,7.468944598778538557e-01,-4.859204014383694314e+00,4.109386825136810195e+00
3.899999999999999911e+00,5.957098562368039474e-01,7.864274566478114403e-01,-5.114194833649086114e+00,3.794402054211198472e+00
3.910000000000000142e+00,5.433781042995353694e-01,8.227284276784718742e-01,-5.348639785299477367e+00,3.463201620099093159e+00
3.919999999999999929e+00,4.888091786324870736e-01,8.556419556114507330e-01,-5.561456897346904071e+00,3.117147010851385680e+00
3.930000000000000160e+00,4.322243814384554850e-01,8.850266365386761924e-01,-5.751657512327151167e+00,2.757678345028854228e+00
3.939999999999999947e+00,3.738544076090599133e-01,9.107558326864129139e-01,-5.918352788615172777e+00,2.386307538515170190e+00
3.950000000000000178e+00,3.139383163615340200e-01,9.327183535746167431e-01,-6.060759642004683201e+00,2.004610840898294555e+00
3.959999999999999964e+00,2.527224465592250446e-01,9.508190596075510870e-01,-6.178206055922868423e+00,1.614220795078990189e+00
3.970000000000000195e+00,1.904592823626427844e-01,9.649793826353857407e-01,-6.270135694778575797e+00,1.216817683087652702e+00
3.979999999999999982e+00,1.274062764765787059e-01,9.751377586995917390e-01,-6.336111762426844152e+00,8.141205295909628159e-01
3.990000000000000213e+00,6.382463879637274851e-02,9.812499689280125281e-01,-6.375820056447520479e+00,4.078777420303140722e-01
4.000000000000000000e+00,-2.190129866397327874e-05,9.832893853671423878e-01,-6.389071178716282162e+00,-1.425274410358778887e-04
4.009999999999999787e+00,-6.386835041405350410e-02,9.812471194161529464e-01,-6.375801873394002506e+00,-4.081622082318877021e-01
4.020000000000000462e+00,-1.274497155478318544e-01,9.751320714448886706e-01,-6.336075474748588121e+00,-8.144032325171188802e-01
4.030000000000000249e+00,-1.905022684960829271e-01,9.649708811205771619e-01,-6.270081458904507521e+00,-1.217097456422578938e+00
4.040000000000000036e+00,-2.527648013153218631e-01,9.508077789188899009e-01,-6.178134105428792822e+00,-1.614496486241893347e+00
4.049999999999999822e+00,-3.139798640184381373e-01,9.327043402375113645e-01,-6.060670286343337487e+00,-2.004881316404928171e+00
4.060000000000000497e+00,-3.738949759136785955e-01,9.107391444480417153e-01,-5.918246411441349331e+00,-2.386571689208926816e+00
4.070000000000000284e+00,-4.322638023388001849e-01,8.850073420990561823e-01,-5.751534569433236932e+00,-2.757935091147021289e+00
4.080000000000000071e+00,-4.888472889874838634e-01,8.556201343047746821e-01,-5.561317914227535297e+00,-3.117395306894225726e+00
4.089999999999999858e+00,-5.434147465626933959e-01,8.227041691068405216e-01,-5.348485354367037203e+00,-3.463440459471843980e+00
4.099999999999999645e+00,-5.957448791103674424e-01,7.864008602697727390e-01,-5.114025611124456638e+00,-3.794630473611832588e+00
4.110000000000000320e+00,-6.456267500736854181e-01,7.468656345544183450e-01,-4.859020716888965197e+00,-4.109603908665399707e+00
4.120000000000000107e+00,-6.928606808491067914e-01,7.042671140011144137e-01,-4.584639030159098461e+00,-4.407084117313057270e+00
4.129999999999999893e+00,-7.372590774057710128e-01,6.587862401405679691e-01,-4.292127846654760326e+00,-4.685884696598363597e+00
4.139999999999999680e+00,-7.786471813347415338e-01,6.106153473333357784e-01,-3.982805687768706360e+00,-4.944914208188134985e+00
4.150000000000000355e+00,-8.168637425092396542e-01,5.599571926182307369e-01,-3.658054347832287778e+00,-5.183180155030552960e+00
4.160000000000000142e+00,-8.517616113472380457e-01,5.070239495281907427e-01,-3.319310780543513140e+00,-5.399792211527352670e+00
4.169999999999999929e+00,-8.832082494602573330e-01,4.520361733133326232e-01,-2.968058902500836815e+00,-5.593964713766444774e+00
4.179999999999999716e+00,-9.110861582347715704e-01,3.952217449010699823e-01,-2.605821388232604896e+00,-5.765018425111647637e+00
4.190000000000000391e+00,-9.352932256145282119e-01,3.368148007298091273e-01,-2.234151526558785239e+00,-5.912381600380093083e+00
4.200000000000000178e+00,-9.557429920241315990e-01,2.770546553245709642e-01,-1.854625202731468248e+00,-6.035590378849214233e+00
4.209999999999999964e+00,-9.723648369889036358e-01,2.161847231495446220e-01,-1.468833064744445194e+00,-6.134288542348948603e+00
4.219999999999999751e+00,-9.851040885575338413e-01,1.544514458842861371e-01,-1.078372925652981040e+00,-6.208226679666299930e+00
4.230000000000000426e+00,-9.939220581182780512e-01,9.210323083755544982e-02,-6.848424468725990977e-01,-6.257260802403012967e+00
4.240000000000000213e+00,-9.987960036140602904e-01,2.938940574618391366e-02,-2.898321403926092388e-01,-6.281350460293633198e+00
4.250000000000000000e+00,-9.997190245059209834e-01,-3.344080528380083406e-02,1.050812792029331422e-01,-6.280556405844954782e+00
4.259999999999999787e+00,-9.966998921084415652e-01,-9.613928044042292786e-02,4.983411689307110648e-01,-6.255037859053071969e+00
4.270000000000000462e+00,-9.897628191269365328e-01,-1.584599697283146646e-01,8.884168405142010005e-01,-6.205049422961488759e+00
4.280000000000000249e+00,-9.789471723673235370e-01,-2.201598321097959221e-01,1.273809041416427812e+00,-6.130937700026005466e+00
4.290000000000000036e+00,-9.643071326695803469e-01,-2.809997375163480471e-01,1.653055028705871621e+00,-6.033137657741185045e+00
4.299999999999999822e+00,-9.459113061392299127e-01,-3.407453314567381319e-01,2.024733236055602070e+00,-5.912168789856046658e+00
4.310000000000000497e+00,-9.238422907235753767e-01,-3.991678603984940565e-01,2.387467539025341257e+00,-5.768631116862331432e+00
4.320000000000000284e+00,-8.981962021060507784e-01,-4.560449565212576495e-01,2.739931128051119380e+00,-5.603201066375533834e+00
4.330000000000000071e+00,-8.690821627788850590e-01,-5.111613808300412565e-01,3.080850002251950048e+00,-5.416627270642019099e+00
4.339999999999999858e+00,-8.366217580072328186e-01,-5.643097239708029234e-01,3.409006100255343341e+00,-5.209726314785109835e+00
4.350000000000000533e+00,-8.009484622228785211e-01,-6.152910644081254210e-01,3.723240086752884537e+00,-4.983378465632587684e+00
4.360000000000000320e+00,-7.622070391883229989e-01,-6.639155839040173923e-01,4.022453815442477598e+00,-4.738523407123650166e+00
4.370000000000000107e+00,-7.205529190580208798e-01,-7.100031404775618560e-01,4.305612490421814265e+00,-4.476156004442792380e+00
4.379999999999999893e+00,-6.761515552379699923e-01,-7.533837992275592699e-01,4.571746549000632598e+00,-4.197322115230644357e+00
4.389999999999999680e+00,-6.291777637126311218e-01,-7.938983215652386516e-01,4.819953289333986035e+00,-3.903114462528353368e+00
4.400000000000000355e+00,-5.798150472737666483e-01,-8.313986135328050864e-01,5.049398266284274683e+00,-3.594668580565222094e+00
4.410000000000000142e+00,-5.282549068533164416e-01,-8.657481339776971208e-01,5.259316478536636197e+00,-3.273158841133939401e+00
4.419999999999999929e+00,-4.746961419355681944e-01,-8.968222634139080274e-01,5.449013369261146877e+00,-2.939794565141641058e+00
4.429999999999999716e+00,-4.193441418058984627e-01,-9.245086344327787531e-01,5.617865661575907055e+00,-2.595816220999675128e+00
4.440000000000000391e+00,-3.624101691871592923e-01,-9.487074245286969409e-01,5.765322048755842310e+00,-2.242491708836209519e+00
4.450000000000000178e+00,-3.041106376228698283e-01,-9.693316121826530685e-01,5.890903757589253331e+00,-1.881112727094921944e+00
4.459999999999999964e+00,-2.446663837909106853e-01,-9.863071970012365908e-01,5.994205001541653033e+00,-1.512991215927247390e+00
4.469999999999999751e+00,-1.843019357742514963e-01,-9.995733846430713276e-01,6.074893338475672699e+00,-1.139455869899292928e+00
4.480000000000000426e+00,-1.232447781778985563e-01,-1.009082737181599798e+00,6.132709945625530068e+00,-7.618487109195037910e-01
4.490000000000000213e+00,-6.172461486499964539e-02,-1.014801289455243616e+00,6.167469822361047349e+00,-3.815217109497734405e-01
4.500000000000000000e+00,2.737000910876807858e-05,-1.016708631846006128e+00,6.179061929023471400e+00,1.665470097549359707e-04
4.509999999999999787e+00,6.177925205739683706e-02,-1.014797959808249050e+00,6.167449267795438672e+00,3.818541819746476551e-01
4.520000000000000462e+00,1.232991072564845192e-01,-1.009076090343355769e+00,6.132668909200697627e+00,7.621793149155970948e-01
4.530000000000000249e+00,1.843557525411379794e-01,-9.995634454859687601e-01,6.074831965434916548e+00,1.139783368696788646e+00
4.540000000000000036e+00,2.447194858622208646e-01,-9.862940027361355444e-01,5.994123509325485877e+00,1.513314381126646069e+00
4.549999999999999822e+00,3.041628251483944334e-01,-9.693152122416714978e-01,5.890802435323943875e+00,1.881430343967452234e+00
4.560000000000000497e+00,3.624612455640325304e-01,-9.486878804090339568e-01,5.765201256567968890e+00,2.242802580215970121e+00
4.570000000000000284e+00,4.193939143845398787e-01,-9.244860195016698645e-01,5.617725829729995901e+00,2.596119171164360750e+00
4.580000000000000071e+00,4.747444227161053965e-01,-8.967966626748440362e-01,5.448854997116852061e+00,2.940088443678121166e+00
4.589999999999999858e+00,5.283015131706635392e-01,-8.657196437980793080e-01,5.259140133321365873e+00,3.273442526784260398e+00
4.600000000000000533e+00,5.798598024694917585e-01,-8.313673413332575146e-01,5.049204581676700165e+00,3.594940985047784920e+00
4.610000000000000320e+00,6.292204977916969755e-01,-7.938643854708551384e-01,4.819742963853505202e+00,3.903374534328090117e+00
4.620000000000000107e+00,6.761921055083820464e-01,-7.533473276814289799e-01,4.571520344197613994e+00,4.197568843351001000e+00
4.629999999999999893e+00,7.205911307513647168e-01,-7.099642718169957289e-01,4.305371228863331012e+00,4.476388422111205578e+00
4.639999999999999680e+00,7.622427660591191145e-01,-6.638744658999856663e-01,4.022198378488254455e+00,4.738740595441019110e+00
4.650000000000000355e+00,8.009815671246310886e-01,-6.152478537685184268e-01,3.722971412116386158e+00,4.983579557155985995e+00
4.660000000000000142e+00,8.366521134430000561e-01,-5.642645858082407928e-01,3.408725179345275524e+00,5.209910497031686738e+00
4.669999999999999929e+00,8.691096514241529736e-01,-5.111144880950851954e-01,3.080557877289992419e+00,5.416793789500700562e+00
4.679999999999999716e+00,8.982207173016550916e-01,-4.559964894020160919e-01,2.739628888962447828e+00,5.603349229411816346e+00
4.690000000000000391e+00,9.238637369363846830e-01,-3.991180056877713378e-01,2.387156320099434570e+00,5.768760296500116347e+00
4.700000000000000178e+00,9.459295993882848030e-01,-3.406942818880398516e-01,2.024414212375988953e+00,5.912278426419202759e+00
4.709999999999999964e+00,9.643222009153762375e-01,-2.809476910702356500e-01,1.652729412348836080e+00,6.033227262336302132e+00
4.719999999999999751e+00,9.789589558619314902e-01,-2.201069912922756500e-01,1.273478077420283183e+00,6.131006857246692476e+00
4.730000000000000426e+00,9.897712707226827833e-01,-1.584065408231469796e-01,8.880818026225367756e-01,6.205097793393588468e+00
4.740000000000000213e+00,9.967049775229087638e-01,-9.608547273744877382e-02,4.980033551150312987e-01,6.255065181559324117e+00
4.750000000000000000e+00,9.997207225411001152e-01,-3.338683028559981392e-02,1.047420069723065117e-01,6.280562499607032834e+00
4.759999999999999787e+00,9.987943063275691591e-01,2.944333513676557212e-02,-2.901715388848841171e-01,6.281335226589060738e+00
4.770000000000000462e+00,9.939169709446753487e-01,9.215690114624297546e-02,-6.851806299127638500e-01,6.257224226094338704e+00
4.780000000000000249e+00,9.850956303778966028e-01,1.545046439075905831e-01,-1.078708547225801118e+00,6.208168830380055070e+00
4.790000000000000036e+00,9.723530401470006357e-01,2.162372368071405204e-01,-1.469164779949412969e+00,6.134209575322396191e+00
4.799999999999999822e+00,9.557279022877206431e-01,2.771062745184081910e-01,-1.854951673335397677e+00,6.035490535423716274e+00
4.810000000000000497e+00,9.352749020805273261e-01,3.368653182063232610e-01,-2.234471426661123417e+00,5.912261208121118550e+00
4.820000000000000284e+00,9.110646731773036633e-01,3.952709571126631349e-01,-2.606133410016969965e+00,5.764877897537024509e+00
4.830000000000000071e+00,8.831836881208493528e-01,4.520838812751219460e-01,-2.968361762043563612e+00,5.593804549666436365e+00
4.839999999999999858e+00,8.517340716667577416e-01,5.070699596658686525e-01,-3.319603223647400014e+00,5.399612993862505483e+00
4.850000000000000533e+00,8.168333348014866768e-01,5.600013176027537343e-01,-3.658335155851356379e+00,5.182982549396029981e+00
4.860000000000000320e+00,7.786140279019589938e-01,6.106574068980605841e-01,-3.983073683387661212e+00,4.944698960836386270e+00
4.870000000000000107e+00,7.372233120967197628e-01,6.588260618763899235e-01,-4.292381899585037353e+00,4.685652632015475660e+00
4.879999999999999893e+00,6.928224485607311633e-01,7.043045341251339408e-01,-4.584878062711961633e+00,4.406836135347916183e+00
4.889999999999999680e+00,6.455862061978011601e-01,7.469004986476728281e-01,-4.859243709385132171e+00,4.109340981214890220e+00
4.900000000000000355e+00,5.957021889272112736e-01,7.864330239796251121e-01,-5.114231607099213761e+00,3.794353640869572164e+00
4.910000000000000142e+00,5.433700845835841564e-01,8.227334988097125823e-01,-5.348673465529821591e+00,3.463150825752395523e+00
4.919999999999999929e+00,4.888008382492543547e-01,8.556465077250539064e-01,-5.561487325135524351e+00,3.117094036049255834e+00
4.929999999999999716e+00,4.322157536530581989e-01,8.850306488801940041e-01,-5.751684541839624742e+00,2.757623401594391233e+00
4.940000000000000391e+00,3.738455270743414882e-01,9.107592866720922720e-01,-5.918376288280707165e+00,2.386250848600161234e+00
4.950000000000000178e+00,3.139292189713502879e-01,9.327212328896361537e-01,-6.060779495318756815e+00,2.004552635960782592e+00
4.959999999999999964e+00,2.527131692941047003e-01,9.508213502936718742e-01,-6.178222162168358622e+00,1.614161314789793522e+00
4.969999999999999751e+00,1.904498631286751509e-01,9.649810731673444941e-01,-6.270147969658061093e+00,1.216757174173407341e+00
4.980000000000000426e+00,1.273967539384498471e-01,9.751388400496406872e-01,-6.336120138599586227e+00,8.140592446221384115e-01
4.990000000000000213e+00,6.381505220553203295e-02,9.812504346181031289e-01,-6.375824483965609524e+00,4.078159381634176572e-01
5.000000000000000000e+00,-3.151227967576608613e-05,9.832892315083423540e-01,-6.389071625355478901e+00,-2.045897572155452870e-04
